20 220
21 220
22 220
23 220
24 220
25 220
26 220
27 220
28 220
29 220
30 220
31 220
32 220
33 220
34 220
35 220
36 220
37 220
38 220
39 220
40 220
41 220
42 220
43 220
44 220
45 220
46 220
47 220
48 220
49 220
50 220
51 220
52 220
53 220
54 220
55 220
56 220
57 220
58 220
59 220
381 220
382 220
383 220
384 220
385 220
386 220
387 220
388 220
389 220
390 220
391 220
392 220
393 220
394 220
395 220
396 220
397 220
398 220
399 220
400 220
401 220
402 220
403 220
404 220
405 220
406 220
407 220
408 220
409 220
410 220
411 220
412 220
413 220
414 220
415 220
416 220
417 220
418 220
419 220
20 219
21 219
22 219
23 219
24 219
25 219
26 219
27 219
28 219
29 219
30 219
31 219
32 219
33 219
34 219
35 219
36 219
37 219
38 219
39 219
40 219
41 219
42 219
43 219
44 219
45 219
46 219
47 219
48 219
49 219
50 219
51 219
52 219
53 219
54 219
55 219
56 219
57 219
58 219
59 219
381 219
382 219
383 219
384 219
385 219
386 219
387 219
388 219
389 219
390 219
391 219
392 219
393 219
394 219
395 219
396 219
397 219
398 219
399 219
400 219
401 219
402 219
403 219
404 219
405 219
406 219
407 219
408 219
409 219
410 219
411 219
412 219
413 219
414 219
415 219
416 219
417 219
418 219
419 219
20 218
21 218
22 218
23 218
24 218
25 218
26 218
27 218
28 218
29 218
30 218
31 218
32 218
33 218
34 218
35 218
36 218
37 218
38 218
39 218
40 218
41 218
42 218
43 218
44 218
45 218
46 218
47 218
48 218
49 218
50 218
51 218
52 218
53 218
54 218
55 218
56 218
57 218
58 218
59 218
381 218
382 218
383 218
384 218
385 218
386 218
387 218
388 218
389 218
390 218
391 218
392 218
393 218
394 218
395 218
396 218
397 218
398 218
399 218
400 218
401 218
402 218
403 218
404 218
405 218
406 218
407 218
408 218
409 218
410 218
411 218
412 218
413 218
414 218
415 218
416 218
417 218
418 218
419 218
20 217
21 217
22 217
23 217
24 217
25 217
26 217
27 217
28 217
29 217
30 217
31 217
32 217
33 217
34 217
35 217
36 217
37 217
38 217
39 217
40 217
41 217
42 217
43 217
44 217
45 217
46 217
47 217
48 217
49 217
50 217
51 217
52 217
53 217
54 217
55 217
56 217
57 217
58 217
59 217
381 217
382 217
383 217
384 217
385 217
386 217
387 217
388 217
389 217
390 217
391 217
392 217
393 217
394 217
395 217
396 217
397 217
398 217
399 217
400 217
401 217
402 217
403 217
404 217
405 217
406 217
407 217
408 217
409 217
410 217
411 217
412 217
413 217
414 217
415 217
416 217
417 217
418 217
419 217
20 216
21 216
22 216
23 216
24 216
25 216
26 216
27 216
28 216
29 216
30 216
31 216
32 216
33 216
34 216
35 216
36 216
37 216
38 216
39 216
40 216
41 216
42 216
43 216
44 216
45 216
46 216
47 216
48 216
49 216
50 216
51 216
52 216
53 216
54 216
55 216
56 216
57 216
58 216
59 216
381 216
382 216
383 216
384 216
385 216
386 216
387 216
388 216
389 216
390 216
391 216
392 216
393 216
394 216
395 216
396 216
397 216
398 216
399 216
400 216
401 216
402 216
403 216
404 216
405 216
406 216
407 216
408 216
409 216
410 216
411 216
412 216
413 216
414 216
415 216
416 216
417 216
418 216
419 216
20 215
21 215
22 215
23 215
24 215
25 215
26 215
27 215
28 215
29 215
30 215
31 215
32 215
33 215
34 215
35 215
36 215
37 215
38 215
39 215
40 215
41 215
42 215
43 215
44 215
45 215
46 215
47 215
48 215
49 215
50 215
51 215
52 215
53 215
54 215
55 215
56 215
57 215
58 215
59 215
381 215
382 215
383 215
384 215
385 215
386 215
387 215
388 215
389 215
390 215
391 215
392 215
393 215
394 215
395 215
396 215
397 215
398 215
399 215
400 215
401 215
402 215
403 215
404 215
405 215
406 215
407 215
408 215
409 215
410 215
411 215
412 215
413 215
414 215
415 215
416 215
417 215
418 215
419 215
20 214
21 214
22 214
23 214
24 214
25 214
26 214
27 214
28 214
29 214
30 214
31 214
32 214
33 214
34 214
35 214
36 214
37 214
38 214
39 214
40 214
41 214
42 214
43 214
44 214
45 214
46 214
47 214
48 214
49 214
50 214
51 214
52 214
53 214
54 214
55 214
56 214
57 214
58 214
59 214
381 214
382 214
383 214
384 214
385 214
386 214
387 214
388 214
389 214
390 214
391 214
392 214
393 214
394 214
395 214
396 214
397 214
398 214
399 214
400 214
401 214
402 214
403 214
404 214
405 214
406 214
407 214
408 214
409 214
410 214
411 214
412 214
413 214
414 214
415 214
416 214
417 214
418 214
419 214
20 213
21 213
22 213
23 213
24 213
25 213
26 213
27 213
28 213
29 213
30 213
31 213
32 213
33 213
34 213
35 213
36 213
37 213
38 213
39 213
40 213
41 213
42 213
43 213
44 213
45 213
46 213
47 213
48 213
49 213
50 213
51 213
52 213
53 213
54 213
55 213
56 213
57 213
58 213
59 213
381 213
382 213
383 213
384 213
385 213
386 213
387 213
388 213
389 213
390 213
391 213
392 213
393 213
394 213
395 213
396 213
397 213
398 213
399 213
400 213
401 213
402 213
403 213
404 213
405 213
406 213
407 213
408 213
409 213
410 213
411 213
412 213
413 213
414 213
415 213
416 213
417 213
418 213
419 213
20 212
21 212
22 212
23 212
24 212
25 212
26 212
27 212
28 212
29 212
30 212
31 212
32 212
33 212
34 212
35 212
36 212
37 212
38 212
39 212
40 212
41 212
42 212
43 212
44 212
45 212
46 212
47 212
48 212
49 212
50 212
51 212
52 212
53 212
54 212
55 212
56 212
57 212
58 212
59 212
381 212
382 212
383 212
384 212
385 212
386 212
387 212
388 212
389 212
390 212
391 212
392 212
393 212
394 212
395 212
396 212
397 212
398 212
399 212
400 212
401 212
402 212
403 212
404 212
405 212
406 212
407 212
408 212
409 212
410 212
411 212
412 212
413 212
414 212
415 212
416 212
417 212
418 212
419 212
20 211
21 211
22 211
23 211
24 211
25 211
26 211
27 211
28 211
29 211
30 211
31 211
32 211
33 211
34 211
35 211
36 211
37 211
38 211
39 211
40 211
41 211
42 211
43 211
44 211
45 211
46 211
47 211
48 211
49 211
50 211
51 211
52 211
53 211
54 211
55 211
56 211
57 211
58 211
382 211
383 211
384 211
385 211
386 211
387 211
388 211
389 211
390 211
391 211
392 211
393 211
394 211
395 211
396 211
397 211
398 211
399 211
400 211
401 211
402 211
403 211
404 211
405 211
406 211
407 211
408 211
409 211
410 211
411 211
412 211
413 211
414 211
415 211
416 211
417 211
418 211
419 211
20 210
21 210
22 210
23 210
24 210
25 210
26 210
27 210
28 210
29 210
30 210
31 210
32 210
33 210
34 210
35 210
36 210
37 210
38 210
39 210
40 210
41 210
42 210
43 210
44 210
45 210
46 210
47 210
48 210
49 210
50 210
51 210
52 210
53 210
54 210
55 210
56 210
57 210
58 210
382 210
383 210
384 210
385 210
386 210
387 210
388 210
389 210
390 210
391 210
392 210
393 210
394 210
395 210
396 210
397 210
398 210
399 210
400 210
401 210
402 210
403 210
404 210
405 210
406 210
407 210
408 210
409 210
410 210
411 210
412 210
413 210
414 210
415 210
416 210
417 210
418 210
419 210
20 209
21 209
22 209
23 209
24 209
25 209
26 209
27 209
28 209
29 209
30 209
31 209
32 209
33 209
34 209
35 209
36 209
37 209
38 209
39 209
40 209
41 209
42 209
43 209
44 209
45 209
46 209
47 209
48 209
49 209
50 209
51 209
52 209
53 209
54 209
55 209
56 209
57 209
58 209
382 209
383 209
384 209
385 209
386 209
387 209
388 209
389 209
390 209
391 209
392 209
393 209
394 209
395 209
396 209
397 209
398 209
399 209
400 209
401 209
402 209
403 209
404 209
405 209
406 209
407 209
408 209
409 209
410 209
411 209
412 209
413 209
414 209
415 209
416 209
417 209
418 209
419 209
20 208
21 208
22 208
23 208
24 208
25 208
26 208
27 208
28 208
29 208
30 208
31 208
32 208
33 208
34 208
35 208
36 208
37 208
38 208
39 208
40 208
41 208
42 208
43 208
44 208
45 208
46 208
47 208
48 208
49 208
50 208
51 208
52 208
53 208
54 208
55 208
56 208
57 208
58 208
382 208
383 208
384 208
385 208
386 208
387 208
388 208
389 208
390 208
391 208
392 208
393 208
394 208
395 208
396 208
397 208
398 208
399 208
400 208
401 208
402 208
403 208
404 208
405 208
406 208
407 208
408 208
409 208
410 208
411 208
412 208
413 208
414 208
415 208
416 208
417 208
418 208
419 208
20 207
21 207
22 207
23 207
24 207
25 207
26 207
27 207
28 207
29 207
30 207
31 207
32 207
33 207
34 207
35 207
36 207
37 207
38 207
39 207
40 207
41 207
42 207
43 207
44 207
45 207
46 207
47 207
48 207
49 207
50 207
51 207
52 207
53 207
54 207
55 207
56 207
57 207
383 207
384 207
385 207
386 207
387 207
388 207
389 207
390 207
391 207
392 207
393 207
394 207
395 207
396 207
397 207
398 207
399 207
400 207
401 207
402 207
403 207
404 207
405 207
406 207
407 207
408 207
409 207
410 207
411 207
412 207
413 207
414 207
415 207
416 207
417 207
418 207
419 207
20 206
21 206
22 206
23 206
24 206
25 206
26 206
27 206
28 206
29 206
30 206
31 206
32 206
33 206
34 206
35 206
36 206
37 206
38 206
39 206
40 206
41 206
42 206
43 206
44 206
45 206
46 206
47 206
48 206
49 206
50 206
51 206
52 206
53 206
54 206
55 206
56 206
57 206
383 206
384 206
385 206
386 206
387 206
388 206
389 206
390 206
391 206
392 206
393 206
394 206
395 206
396 206
397 206
398 206
399 206
400 206
401 206
402 206
403 206
404 206
405 206
406 206
407 206
408 206
409 206
410 206
411 206
412 206
413 206
414 206
415 206
416 206
417 206
418 206
419 206
20 205
21 205
22 205
23 205
24 205
25 205
26 205
27 205
28 205
29 205
30 205
31 205
32 205
33 205
34 205
35 205
36 205
37 205
38 205
39 205
40 205
41 205
42 205
43 205
44 205
45 205
46 205
47 205
48 205
49 205
50 205
51 205
52 205
53 205
54 205
55 205
56 205
57 205
383 205
384 205
385 205
386 205
387 205
388 205
389 205
390 205
391 205
392 205
393 205
394 205
395 205
396 205
397 205
398 205
399 205
400 205
401 205
402 205
403 205
404 205
405 205
406 205
407 205
408 205
409 205
410 205
411 205
412 205
413 205
414 205
415 205
416 205
417 205
418 205
419 205
20 204
21 204
22 204
23 204
24 204
25 204
26 204
27 204
28 204
29 204
30 204
31 204
32 204
33 204
34 204
35 204
36 204
37 204
38 204
39 204
40 204
41 204
42 204
43 204
44 204
45 204
46 204
47 204
48 204
49 204
50 204
51 204
52 204
53 204
54 204
55 204
56 204
384 204
385 204
386 204
387 204
388 204
389 204
390 204
391 204
392 204
393 204
394 204
395 204
396 204
397 204
398 204
399 204
400 204
401 204
402 204
403 204
404 204
405 204
406 204
407 204
408 204
409 204
410 204
411 204
412 204
413 204
414 204
415 204
416 204
417 204
418 204
419 204
20 203
21 203
22 203
23 203
24 203
25 203
26 203
27 203
28 203
29 203
30 203
31 203
32 203
33 203
34 203
35 203
36 203
37 203
38 203
39 203
40 203
41 203
42 203
43 203
44 203
45 203
46 203
47 203
48 203
49 203
50 203
51 203
52 203
53 203
54 203
55 203
56 203
384 203
385 203
386 203
387 203
388 203
389 203
390 203
391 203
392 203
393 203
394 203
395 203
396 203
397 203
398 203
399 203
400 203
401 203
402 203
403 203
404 203
405 203
406 203
407 203
408 203
409 203
410 203
411 203
412 203
413 203
414 203
415 203
416 203
417 203
418 203
419 203
20 202
21 202
22 202
23 202
24 202
25 202
26 202
27 202
28 202
29 202
30 202
31 202
32 202
33 202
34 202
35 202
36 202
37 202
38 202
39 202
40 202
41 202
42 202
43 202
44 202
45 202
46 202
47 202
48 202
49 202
50 202
51 202
52 202
53 202
54 202
55 202
385 202
386 202
387 202
388 202
389 202
390 202
391 202
392 202
393 202
394 202
395 202
396 202
397 202
398 202
399 202
400 202
401 202
402 202
403 202
404 202
405 202
406 202
407 202
408 202
409 202
410 202
411 202
412 202
413 202
414 202
415 202
416 202
417 202
418 202
419 202
20 201
21 201
22 201
23 201
24 201
25 201
26 201
27 201
28 201
29 201
30 201
31 201
32 201
33 201
34 201
35 201
36 201
37 201
38 201
39 201
40 201
41 201
42 201
43 201
44 201
45 201
46 201
47 201
48 201
49 201
50 201
51 201
52 201
53 201
54 201
55 201
385 201
386 201
387 201
388 201
389 201
390 201
391 201
392 201
393 201
394 201
395 201
396 201
397 201
398 201
399 201
400 201
401 201
402 201
403 201
404 201
405 201
406 201
407 201
408 201
409 201
410 201
411 201
412 201
413 201
414 201
415 201
416 201
417 201
418 201
419 201
20 200
21 200
22 200
23 200
24 200
25 200
26 200
27 200
28 200
29 200
30 200
31 200
32 200
33 200
34 200
35 200
36 200
37 200
38 200
39 200
40 200
41 200
42 200
43 200
44 200
45 200
46 200
47 200
48 200
49 200
50 200
51 200
52 200
53 200
54 200
386 200
387 200
388 200
389 200
390 200
391 200
392 200
393 200
394 200
395 200
396 200
397 200
398 200
399 200
400 200
401 200
402 200
403 200
404 200
405 200
406 200
407 200
408 200
409 200
410 200
411 200
412 200
413 200
414 200
415 200
416 200
417 200
418 200
419 200
20 199
21 199
22 199
23 199
24 199
25 199
26 199
27 199
28 199
29 199
30 199
31 199
32 199
33 199
34 199
35 199
36 199
37 199
38 199
39 199
40 199
41 199
42 199
43 199
44 199
45 199
46 199
47 199
48 199
49 199
50 199
51 199
52 199
53 199
54 199
386 199
387 199
388 199
389 199
390 199
391 199
392 199
393 199
394 199
395 199
396 199
397 199
398 199
399 199
400 199
401 199
402 199
403 199
404 199
405 199
406 199
407 199
408 199
409 199
410 199
411 199
412 199
413 199
414 199
415 199
416 199
417 199
418 199
419 199
20 198
21 198
22 198
23 198
24 198
25 198
26 198
27 198
28 198
29 198
30 198
31 198
32 198
33 198
34 198
35 198
36 198
37 198
38 198
39 198
40 198
41 198
42 198
43 198
44 198
45 198
46 198
47 198
48 198
49 198
50 198
51 198
52 198
53 198
387 198
388 198
389 198
390 198
391 198
392 198
393 198
394 198
395 198
396 198
397 198
398 198
399 198
400 198
401 198
402 198
403 198
404 198
405 198
406 198
407 198
408 198
409 198
410 198
411 198
412 198
413 198
414 198
415 198
416 198
417 198
418 198
419 198
20 197
21 197
22 197
23 197
24 197
25 197
26 197
27 197
28 197
29 197
30 197
31 197
32 197
33 197
34 197
35 197
36 197
37 197
38 197
39 197
40 197
41 197
42 197
43 197
44 197
45 197
46 197
47 197
48 197
49 197
50 197
51 197
52 197
388 197
389 197
390 197
391 197
392 197
393 197
394 197
395 197
396 197
397 197
398 197
399 197
400 197
401 197
402 197
403 197
404 197
405 197
406 197
407 197
408 197
409 197
410 197
411 197
412 197
413 197
414 197
415 197
416 197
417 197
418 197
419 197
20 196
21 196
22 196
23 196
24 196
25 196
26 196
27 196
28 196
29 196
30 196
31 196
32 196
33 196
34 196
35 196
36 196
37 196
38 196
39 196
40 196
41 196
42 196
43 196
44 196
45 196
46 196
47 196
48 196
49 196
50 196
51 196
52 196
388 196
389 196
390 196
391 196
392 196
393 196
394 196
395 196
396 196
397 196
398 196
399 196
400 196
401 196
402 196
403 196
404 196
405 196
406 196
407 196
408 196
409 196
410 196
411 196
412 196
413 196
414 196
415 196
416 196
417 196
418 196
419 196
20 195
21 195
22 195
23 195
24 195
25 195
26 195
27 195
28 195
29 195
30 195
31 195
32 195
33 195
34 195
35 195
36 195
37 195
38 195
39 195
40 195
41 195
42 195
43 195
44 195
45 195
46 195
47 195
48 195
49 195
50 195
51 195
389 195
390 195
391 195
392 195
393 195
394 195
395 195
396 195
397 195
398 195
399 195
400 195
401 195
402 195
403 195
404 195
405 195
406 195
407 195
408 195
409 195
410 195
411 195
412 195
413 195
414 195
415 195
416 195
417 195
418 195
419 195
20 194
21 194
22 194
23 194
24 194
25 194
26 194
27 194
28 194
29 194
30 194
31 194
32 194
33 194
34 194
35 194
36 194
37 194
38 194
39 194
40 194
41 194
42 194
43 194
44 194
45 194
46 194
47 194
48 194
49 194
50 194
390 194
391 194
392 194
393 194
394 194
395 194
396 194
397 194
398 194
399 194
400 194
401 194
402 194
403 194
404 194
405 194
406 194
407 194
408 194
409 194
410 194
411 194
412 194
413 194
414 194
415 194
416 194
417 194
418 194
419 194
20 193
21 193
22 193
23 193
24 193
25 193
26 193
27 193
28 193
29 193
30 193
31 193
32 193
33 193
34 193
35 193
36 193
37 193
38 193
39 193
40 193
41 193
42 193
43 193
44 193
45 193
46 193
47 193
48 193
49 193
391 193
392 193
393 193
394 193
395 193
396 193
397 193
398 193
399 193
400 193
401 193
402 193
403 193
404 193
405 193
406 193
407 193
408 193
409 193
410 193
411 193
412 193
413 193
414 193
415 193
416 193
417 193
418 193
419 193
20 192
21 192
22 192
23 192
24 192
25 192
26 192
27 192
28 192
29 192
30 192
31 192
32 192
33 192
34 192
35 192
36 192
37 192
38 192
39 192
40 192
41 192
42 192
43 192
44 192
45 192
46 192
47 192
48 192
392 192
393 192
394 192
395 192
396 192
397 192
398 192
399 192
400 192
401 192
402 192
403 192
404 192
405 192
406 192
407 192
408 192
409 192
410 192
411 192
412 192
413 192
414 192
415 192
416 192
417 192
418 192
419 192
20 191
21 191
22 191
23 191
24 191
25 191
26 191
27 191
28 191
29 191
30 191
31 191
32 191
33 191
34 191
35 191
36 191
37 191
38 191
39 191
40 191
41 191
42 191
43 191
44 191
45 191
46 191
47 191
393 191
394 191
395 191
396 191
397 191
398 191
399 191
400 191
401 191
402 191
403 191
404 191
405 191
406 191
407 191
408 191
409 191
410 191
411 191
412 191
413 191
414 191
415 191
416 191
417 191
418 191
419 191
20 190
21 190
22 190
23 190
24 190
25 190
26 190
27 190
28 190
29 190
30 190
31 190
32 190
33 190
34 190
35 190
36 190
37 190
38 190
39 190
40 190
41 190
42 190
43 190
44 190
45 190
46 190
394 190
395 190
396 190
397 190
398 190
399 190
400 190
401 190
402 190
403 190
404 190
405 190
406 190
407 190
408 190
409 190
410 190
411 190
412 190
413 190
414 190
415 190
416 190
417 190
418 190
419 190
20 189
21 189
22 189
23 189
24 189
25 189
26 189
27 189
28 189
29 189
30 189
31 189
32 189
33 189
34 189
35 189
36 189
37 189
38 189
39 189
40 189
41 189
42 189
43 189
44 189
45 189
395 189
396 189
397 189
398 189
399 189
400 189
401 189
402 189
403 189
404 189
405 189
406 189
407 189
408 189
409 189
410 189
411 189
412 189
413 189
414 189
415 189
416 189
417 189
418 189
419 189
20 188
21 188
22 188
23 188
24 188
25 188
26 188
27 188
28 188
29 188
30 188
31 188
32 188
33 188
34 188
35 188
36 188
37 188
38 188
39 188
40 188
41 188
42 188
43 188
44 188
396 188
397 188
398 188
399 188
400 188
401 188
402 188
403 188
404 188
405 188
406 188
407 188
408 188
409 188
410 188
411 188
412 188
413 188
414 188
415 188
416 188
417 188
418 188
419 188
20 187
21 187
22 187
23 187
24 187
25 187
26 187
27 187
28 187
29 187
30 187
31 187
32 187
33 187
34 187
35 187
36 187
37 187
38 187
39 187
40 187
41 187
42 187
398 187
399 187
400 187
401 187
402 187
403 187
404 187
405 187
406 187
407 187
408 187
409 187
410 187
411 187
412 187
413 187
414 187
415 187
416 187
417 187
418 187
419 187
20 186
21 186
22 186
23 186
24 186
25 186
26 186
27 186
28 186
29 186
30 186
31 186
32 186
33 186
34 186
35 186
36 186
37 186
38 186
39 186
40 186
41 186
399 186
400 186
401 186
402 186
403 186
404 186
405 186
406 186
407 186
408 186
409 186
410 186
411 186
412 186
413 186
414 186
415 186
416 186
417 186
418 186
419 186
20 185
21 185
22 185
23 185
24 185
25 185
26 185
27 185
28 185
29 185
30 185
31 185
32 185
33 185
34 185
35 185
36 185
37 185
38 185
39 185
401 185
402 185
403 185
404 185
405 185
406 185
407 185
408 185
409 185
410 185
411 185
412 185
413 185
414 185
415 185
416 185
417 185
418 185
419 185
20 184
21 184
22 184
23 184
24 184
25 184
26 184
27 184
28 184
29 184
30 184
31 184
32 184
33 184
34 184
35 184
36 184
37 184
403 184
404 184
405 184
406 184
407 184
408 184
409 184
410 184
411 184
412 184
413 184
414 184
415 184
416 184
417 184
418 184
419 184
20 183
21 183
22 183
23 183
24 183
25 183
26 183
27 183
28 183
29 183
30 183
31 183
32 183
33 183
34 183
35 183
405 183
406 183
407 183
408 183
409 183
410 183
411 183
412 183
413 183
414 183
415 183
416 183
417 183
418 183
419 183
20 182
21 182
22 182
23 182
24 182
25 182
26 182
27 182
28 182
29 182
30 182
31 182
32 182
408 182
409 182
410 182
411 182
412 182
413 182
414 182
415 182
416 182
417 182
418 182
419 182
20 181
21 181
22 181
23 181
24 181
25 181
26 181
27 181
28 181
412 181
413 181
414 181
415 181
416 181
417 181
418 181
419 181
220 160
212 159
213 159
214 159
215 159
216 159
217 159
218 159
219 159
220 159
221 159
222 159
223 159
224 159
225 159
226 159
227 159
228 159
208 158
209 158
210 158
211 158
212 158
213 158
214 158
215 158
216 158
217 158
218 158
219 158
220 158
221 158
222 158
223 158
224 158
225 158
226 158
227 158
228 158
229 158
230 158
231 158
232 158
205 157
206 157
207 157
208 157
209 157
210 157
211 157
212 157
213 157
214 157
215 157
216 157
217 157
218 157
219 157
220 157
221 157
222 157
223 157
224 157
225 157
226 157
227 157
228 157
229 157
230 157
231 157
232 157
233 157
234 157
235 157
203 156
204 156
205 156
206 156
207 156
208 156
209 156
210 156
211 156
212 156
213 156
214 156
215 156
216 156
217 156
218 156
219 156
220 156
221 156
222 156
223 156
224 156
225 156
226 156
227 156
228 156
229 156
230 156
231 156
232 156
233 156
234 156
235 156
236 156
237 156
201 155
202 155
203 155
204 155
205 155
206 155
207 155
208 155
209 155
210 155
211 155
212 155
213 155
214 155
215 155
216 155
217 155
218 155
219 155
220 155
221 155
222 155
223 155
224 155
225 155
226 155
227 155
228 155
229 155
230 155
231 155
232 155
233 155
234 155
235 155
236 155
237 155
238 155
239 155
199 154
200 154
201 154
202 154
203 154
204 154
205 154
206 154
207 154
208 154
209 154
210 154
211 154
212 154
213 154
214 154
215 154
216 154
217 154
218 154
219 154
220 154
221 154
222 154
223 154
224 154
225 154
226 154
227 154
228 154
229 154
230 154
231 154
232 154
233 154
234 154
235 154
236 154
237 154
238 154
239 154
240 154
241 154
198 153
199 153
200 153
201 153
202 153
203 153
204 153
205 153
206 153
207 153
208 153
209 153
210 153
211 153
212 153
213 153
214 153
215 153
216 153
217 153
218 153
219 153
220 153
221 153
222 153
223 153
224 153
225 153
226 153
227 153
228 153
229 153
230 153
231 153
232 153
233 153
234 153
235 153
236 153
237 153
238 153
239 153
240 153
241 153
242 153
196 152
197 152
198 152
199 152
200 152
201 152
202 152
203 152
204 152
205 152
206 152
207 152
208 152
209 152
210 152
211 152
212 152
213 152
214 152
215 152
216 152
217 152
218 152
219 152
220 152
221 152
222 152
223 152
224 152
225 152
226 152
227 152
228 152
229 152
230 152
231 152
232 152
233 152
234 152
235 152
236 152
237 152
238 152
239 152
240 152
241 152
242 152
243 152
244 152
195 151
196 151
197 151
198 151
199 151
200 151
201 151
202 151
203 151
204 151
205 151
206 151
207 151
208 151
209 151
210 151
211 151
212 151
213 151
214 151
215 151
216 151
217 151
218 151
219 151
220 151
221 151
222 151
223 151
224 151
225 151
226 151
227 151
228 151
229 151
230 151
231 151
232 151
233 151
234 151
235 151
236 151
237 151
238 151
239 151
240 151
241 151
242 151
243 151
244 151
245 151
194 150
195 150
196 150
197 150
198 150
199 150
200 150
201 150
202 150
203 150
204 150
205 150
206 150
207 150
208 150
209 150
210 150
211 150
212 150
213 150
214 150
215 150
216 150
217 150
218 150
219 150
220 150
221 150
222 150
223 150
224 150
225 150
226 150
227 150
228 150
229 150
230 150
231 150
232 150
233 150
234 150
235 150
236 150
237 150
238 150
239 150
240 150
241 150
242 150
243 150
244 150
245 150
246 150
193 149
194 149
195 149
196 149
197 149
198 149
199 149
200 149
201 149
202 149
203 149
204 149
205 149
206 149
207 149
208 149
209 149
210 149
211 149
212 149
213 149
214 149
215 149
216 149
217 149
218 149
219 149
220 149
221 149
222 149
223 149
224 149
225 149
226 149
227 149
228 149
229 149
230 149
231 149
232 149
233 149
234 149
235 149
236 149
237 149
238 149
239 149
240 149
241 149
242 149
243 149
244 149
245 149
246 149
247 149
192 148
193 148
194 148
195 148
196 148
197 148
198 148
199 148
200 148
201 148
202 148
203 148
204 148
205 148
206 148
207 148
208 148
209 148
210 148
211 148
212 148
213 148
214 148
215 148
216 148
217 148
218 148
219 148
220 148
221 148
222 148
223 148
224 148
225 148
226 148
227 148
228 148
229 148
230 148
231 148
232 148
233 148
234 148
235 148
236 148
237 148
238 148
239 148
240 148
241 148
242 148
243 148
244 148
245 148
246 148
247 148
248 148
191 147
192 147
193 147
194 147
195 147
196 147
197 147
198 147
199 147
200 147
201 147
202 147
203 147
204 147
205 147
206 147
207 147
208 147
209 147
210 147
211 147
212 147
213 147
214 147
215 147
216 147
217 147
218 147
219 147
220 147
221 147
222 147
223 147
224 147
225 147
226 147
227 147
228 147
229 147
230 147
231 147
232 147
233 147
234 147
235 147
236 147
237 147
238 147
239 147
240 147
241 147
242 147
243 147
244 147
245 147
246 147
247 147
248 147
249 147
190 146
191 146
192 146
193 146
194 146
195 146
196 146
197 146
198 146
199 146
200 146
201 146
202 146
203 146
204 146
205 146
206 146
207 146
208 146
209 146
210 146
211 146
212 146
213 146
214 146
215 146
216 146
217 146
218 146
219 146
220 146
221 146
222 146
223 146
224 146
225 146
226 146
227 146
228 146
229 146
230 146
231 146
232 146
233 146
234 146
235 146
236 146
237 146
238 146
239 146
240 146
241 146
242 146
243 146
244 146
245 146
246 146
247 146
248 146
249 146
250 146
189 145
190 145
191 145
192 145
193 145
194 145
195 145
196 145
197 145
198 145
199 145
200 145
201 145
202 145
203 145
204 145
205 145
206 145
207 145
208 145
209 145
210 145
211 145
212 145
213 145
214 145
215 145
216 145
217 145
218 145
219 145
220 145
221 145
222 145
223 145
224 145
225 145
226 145
227 145
228 145
229 145
230 145
231 145
232 145
233 145
234 145
235 145
236 145
237 145
238 145
239 145
240 145
241 145
242 145
243 145
244 145
245 145
246 145
247 145
248 145
249 145
250 145
251 145
188 144
189 144
190 144
191 144
192 144
193 144
194 144
195 144
196 144
197 144
198 144
199 144
200 144
201 144
202 144
203 144
204 144
205 144
206 144
207 144
208 144
209 144
210 144
211 144
212 144
213 144
214 144
215 144
216 144
217 144
218 144
219 144
220 144
221 144
222 144
223 144
224 144
225 144
226 144
227 144
228 144
229 144
230 144
231 144
232 144
233 144
234 144
235 144
236 144
237 144
238 144
239 144
240 144
241 144
242 144
243 144
244 144
245 144
246 144
247 144
248 144
249 144
250 144
251 144
252 144
188 143
189 143
190 143
191 143
192 143
193 143
194 143
195 143
196 143
197 143
198 143
199 143
200 143
201 143
202 143
203 143
204 143
205 143
206 143
207 143
208 143
209 143
210 143
211 143
212 143
213 143
214 143
215 143
216 143
217 143
218 143
219 143
220 143
221 143
222 143
223 143
224 143
225 143
226 143
227 143
228 143
229 143
230 143
231 143
232 143
233 143
234 143
235 143
236 143
237 143
238 143
239 143
240 143
241 143
242 143
243 143
244 143
245 143
246 143
247 143
248 143
249 143
250 143
251 143
252 143
187 142
188 142
189 142
190 142
191 142
192 142
193 142
194 142
195 142
196 142
197 142
198 142
199 142
200 142
201 142
202 142
203 142
204 142
205 142
206 142
207 142
208 142
209 142
210 142
211 142
212 142
213 142
214 142
215 142
216 142
217 142
218 142
219 142
220 142
221 142
222 142
223 142
224 142
225 142
226 142
227 142
228 142
229 142
230 142
231 142
232 142
233 142
234 142
235 142
236 142
237 142
238 142
239 142
240 142
241 142
242 142
243 142
244 142
245 142
246 142
247 142
248 142
249 142
250 142
251 142
252 142
253 142
186 141
187 141
188 141
189 141
190 141
191 141
192 141
193 141
194 141
195 141
196 141
197 141
198 141
199 141
200 141
201 141
202 141
203 141
204 141
205 141
206 141
207 141
208 141
209 141
210 141
211 141
212 141
213 141
214 141
215 141
216 141
217 141
218 141
219 141
220 141
221 141
222 141
223 141
224 141
225 141
226 141
227 141
228 141
229 141
230 141
231 141
232 141
233 141
234 141
235 141
236 141
237 141
238 141
239 141
240 141
241 141
242 141
243 141
244 141
245 141
246 141
247 141
248 141
249 141
250 141
251 141
252 141
253 141
254 141
186 140
187 140
188 140
189 140
190 140
191 140
192 140
193 140
194 140
195 140
196 140
197 140
198 140
199 140
200 140
201 140
202 140
203 140
204 140
205 140
206 140
207 140
208 140
209 140
210 140
211 140
212 140
213 140
214 140
215 140
216 140
217 140
218 140
219 140
220 140
221 140
222 140
223 140
224 140
225 140
226 140
227 140
228 140
229 140
230 140
231 140
232 140
233 140
234 140
235 140
236 140
237 140
238 140
239 140
240 140
241 140
242 140
243 140
244 140
245 140
246 140
247 140
248 140
249 140
250 140
251 140
252 140
253 140
254 140
185 139
186 139
187 139
188 139
189 139
190 139
191 139
192 139
193 139
194 139
195 139
196 139
197 139
198 139
199 139
200 139
201 139
202 139
203 139
204 139
205 139
206 139
207 139
208 139
209 139
210 139
211 139
212 139
213 139
214 139
215 139
216 139
217 139
218 139
219 139
220 139
221 139
222 139
223 139
224 139
225 139
226 139
227 139
228 139
229 139
230 139
231 139
232 139
233 139
234 139
235 139
236 139
237 139
238 139
239 139
240 139
241 139
242 139
243 139
244 139
245 139
246 139
247 139
248 139
249 139
250 139
251 139
252 139
253 139
254 139
255 139
185 138
186 138
187 138
188 138
189 138
190 138
191 138
192 138
193 138
194 138
195 138
196 138
197 138
198 138
199 138
200 138
201 138
202 138
203 138
204 138
205 138
206 138
207 138
208 138
209 138
210 138
211 138
212 138
213 138
214 138
215 138
216 138
217 138
218 138
219 138
220 138
221 138
222 138
223 138
224 138
225 138
226 138
227 138
228 138
229 138
230 138
231 138
232 138
233 138
234 138
235 138
236 138
237 138
238 138
239 138
240 138
241 138
242 138
243 138
244 138
245 138
246 138
247 138
248 138
249 138
250 138
251 138
252 138
253 138
254 138
255 138
184 137
185 137
186 137
187 137
188 137
189 137
190 137
191 137
192 137
193 137
194 137
195 137
196 137
197 137
198 137
199 137
200 137
201 137
202 137
203 137
204 137
205 137
206 137
207 137
208 137
209 137
210 137
211 137
212 137
213 137
214 137
215 137
216 137
217 137
218 137
219 137
220 137
221 137
222 137
223 137
224 137
225 137
226 137
227 137
228 137
229 137
230 137
231 137
232 137
233 137
234 137
235 137
236 137
237 137
238 137
239 137
240 137
241 137
242 137
243 137
244 137
245 137
246 137
247 137
248 137
249 137
250 137
251 137
252 137
253 137
254 137
255 137
256 137
184 136
185 136
186 136
187 136
188 136
189 136
190 136
191 136
192 136
193 136
194 136
195 136
196 136
197 136
198 136
199 136
200 136
201 136
202 136
203 136
204 136
205 136
206 136
207 136
208 136
209 136
210 136
211 136
212 136
213 136
214 136
215 136
216 136
217 136
218 136
219 136
220 136
221 136
222 136
223 136
224 136
225 136
226 136
227 136
228 136
229 136
230 136
231 136
232 136
233 136
234 136
235 136
236 136
237 136
238 136
239 136
240 136
241 136
242 136
243 136
244 136
245 136
246 136
247 136
248 136
249 136
250 136
251 136
252 136
253 136
254 136
255 136
256 136
183 135
184 135
185 135
186 135
187 135
188 135
189 135
190 135
191 135
192 135
193 135
194 135
195 135
196 135
197 135
198 135
199 135
200 135
201 135
202 135
203 135
204 135
205 135
206 135
207 135
208 135
209 135
210 135
211 135
212 135
213 135
214 135
215 135
216 135
217 135
218 135
219 135
220 135
221 135
222 135
223 135
224 135
225 135
226 135
227 135
228 135
229 135
230 135
231 135
232 135
233 135
234 135
235 135
236 135
237 135
238 135
239 135
240 135
241 135
242 135
243 135
244 135
245 135
246 135
247 135
248 135
249 135
250 135
251 135
252 135
253 135
254 135
255 135
256 135
257 135
183 134
184 134
185 134
186 134
187 134
188 134
189 134
190 134
191 134
192 134
193 134
194 134
195 134
196 134
197 134
198 134
199 134
200 134
201 134
202 134
203 134
204 134
205 134
206 134
207 134
208 134
209 134
210 134
211 134
212 134
213 134
214 134
215 134
216 134
217 134
218 134
219 134
220 134
221 134
222 134
223 134
224 134
225 134
226 134
227 134
228 134
229 134
230 134
231 134
232 134
233 134
234 134
235 134
236 134
237 134
238 134
239 134
240 134
241 134
242 134
243 134
244 134
245 134
246 134
247 134
248 134
249 134
250 134
251 134
252 134
253 134
254 134
255 134
256 134
257 134
183 133
184 133
185 133
186 133
187 133
188 133
189 133
190 133
191 133
192 133
193 133
194 133
195 133
196 133
197 133
198 133
199 133
200 133
201 133
202 133
203 133
204 133
205 133
206 133
207 133
208 133
209 133
210 133
211 133
212 133
213 133
214 133
215 133
216 133
217 133
218 133
219 133
220 133
221 133
222 133
223 133
224 133
225 133
226 133
227 133
228 133
229 133
230 133
231 133
232 133
233 133
234 133
235 133
236 133
237 133
238 133
239 133
240 133
241 133
242 133
243 133
244 133
245 133
246 133
247 133
248 133
249 133
250 133
251 133
252 133
253 133
254 133
255 133
256 133
257 133
182 132
183 132
184 132
185 132
186 132
187 132
188 132
189 132
190 132
191 132
192 132
193 132
194 132
195 132
196 132
197 132
198 132
199 132
200 132
201 132
202 132
203 132
204 132
205 132
206 132
207 132
208 132
209 132
210 132
211 132
212 132
213 132
214 132
215 132
216 132
217 132
218 132
219 132
220 132
221 132
222 132
223 132
224 132
225 132
226 132
227 132
228 132
229 132
230 132
231 132
232 132
233 132
234 132
235 132
236 132
237 132
238 132
239 132
240 132
241 132
242 132
243 132
244 132
245 132
246 132
247 132
248 132
249 132
250 132
251 132
252 132
253 132
254 132
255 132
256 132
257 132
258 132
182 131
183 131
184 131
185 131
186 131
187 131
188 131
189 131
190 131
191 131
192 131
193 131
194 131
195 131
196 131
197 131
198 131
199 131
200 131
201 131
202 131
203 131
204 131
205 131
206 131
207 131
208 131
209 131
210 131
211 131
212 131
213 131
214 131
215 131
216 131
217 131
218 131
219 131
220 131
221 131
222 131
223 131
224 131
225 131
226 131
227 131
228 131
229 131
230 131
231 131
232 131
233 131
234 131
235 131
236 131
237 131
238 131
239 131
240 131
241 131
242 131
243 131
244 131
245 131
246 131
247 131
248 131
249 131
250 131
251 131
252 131
253 131
254 131
255 131
256 131
257 131
258 131
182 130
183 130
184 130
185 130
186 130
187 130
188 130
189 130
190 130
191 130
192 130
193 130
194 130
195 130
196 130
197 130
198 130
199 130
200 130
201 130
202 130
203 130
204 130
205 130
206 130
207 130
208 130
209 130
210 130
211 130
212 130
213 130
214 130
215 130
216 130
217 130
218 130
219 130
220 130
221 130
222 130
223 130
224 130
225 130
226 130
227 130
228 130
229 130
230 130
231 130
232 130
233 130
234 130
235 130
236 130
237 130
238 130
239 130
240 130
241 130
242 130
243 130
244 130
245 130
246 130
247 130
248 130
249 130
250 130
251 130
252 130
253 130
254 130
255 130
256 130
257 130
258 130
182 129
183 129
184 129
185 129
186 129
187 129
188 129
189 129
190 129
191 129
192 129
193 129
194 129
195 129
196 129
197 129
198 129
199 129
200 129
201 129
202 129
203 129
204 129
205 129
206 129
207 129
208 129
209 129
210 129
211 129
212 129
213 129
214 129
215 129
216 129
217 129
218 129
219 129
220 129
221 129
222 129
223 129
224 129
225 129
226 129
227 129
228 129
229 129
230 129
231 129
232 129
233 129
234 129
235 129
236 129
237 129
238 129
239 129
240 129
241 129
242 129
243 129
244 129
245 129
246 129
247 129
248 129
249 129
250 129
251 129
252 129
253 129
254 129
255 129
256 129
257 129
258 129
181 128
182 128
183 128
184 128
185 128
186 128
187 128
188 128
189 128
190 128
191 128
192 128
193 128
194 128
195 128
196 128
197 128
198 128
199 128
200 128
201 128
202 128
203 128
204 128
205 128
206 128
207 128
208 128
209 128
210 128
211 128
212 128
213 128
214 128
215 128
216 128
217 128
218 128
219 128
220 128
221 128
222 128
223 128
224 128
225 128
226 128
227 128
228 128
229 128
230 128
231 128
232 128
233 128
234 128
235 128
236 128
237 128
238 128
239 128
240 128
241 128
242 128
243 128
244 128
245 128
246 128
247 128
248 128
249 128
250 128
251 128
252 128
253 128
254 128
255 128
256 128
257 128
258 128
259 128
181 127
182 127
183 127
184 127
185 127
186 127
187 127
188 127
189 127
190 127
191 127
192 127
193 127
194 127
195 127
196 127
197 127
198 127
199 127
200 127
201 127
202 127
203 127
204 127
205 127
206 127
207 127
208 127
209 127
210 127
211 127
212 127
213 127
214 127
215 127
216 127
217 127
218 127
219 127
220 127
221 127
222 127
223 127
224 127
225 127
226 127
227 127
228 127
229 127
230 127
231 127
232 127
233 127
234 127
235 127
236 127
237 127
238 127
239 127
240 127
241 127
242 127
243 127
244 127
245 127
246 127
247 127
248 127
249 127
250 127
251 127
252 127
253 127
254 127
255 127
256 127
257 127
258 127
259 127
181 126
182 126
183 126
184 126
185 126
186 126
187 126
188 126
189 126
190 126
191 126
192 126
193 126
194 126
195 126
196 126
197 126
198 126
199 126
200 126
201 126
202 126
203 126
204 126
205 126
206 126
207 126
208 126
209 126
210 126
211 126
212 126
213 126
214 126
215 126
216 126
217 126
218 126
219 126
220 126
221 126
222 126
223 126
224 126
225 126
226 126
227 126
228 126
229 126
230 126
231 126
232 126
233 126
234 126
235 126
236 126
237 126
238 126
239 126
240 126
241 126
242 126
243 126
244 126
245 126
246 126
247 126
248 126
249 126
250 126
251 126
252 126
253 126
254 126
255 126
256 126
257 126
258 126
259 126
181 125
182 125
183 125
184 125
185 125
186 125
187 125
188 125
189 125
190 125
191 125
192 125
193 125
194 125
195 125
196 125
197 125
198 125
199 125
200 125
201 125
202 125
203 125
204 125
205 125
206 125
207 125
208 125
209 125
210 125
211 125
212 125
213 125
214 125
215 125
216 125
217 125
218 125
219 125
220 125
221 125
222 125
223 125
224 125
225 125
226 125
227 125
228 125
229 125
230 125
231 125
232 125
233 125
234 125
235 125
236 125
237 125
238 125
239 125
240 125
241 125
242 125
243 125
244 125
245 125
246 125
247 125
248 125
249 125
250 125
251 125
252 125
253 125
254 125
255 125
256 125
257 125
258 125
259 125
181 124
182 124
183 124
184 124
185 124
186 124
187 124
188 124
189 124
190 124
191 124
192 124
193 124
194 124
195 124
196 124
197 124
198 124
199 124
200 124
201 124
202 124
203 124
204 124
205 124
206 124
207 124
208 124
209 124
210 124
211 124
212 124
213 124
214 124
215 124
216 124
217 124
218 124
219 124
220 124
221 124
222 124
223 124
224 124
225 124
226 124
227 124
228 124
229 124
230 124
231 124
232 124
233 124
234 124
235 124
236 124
237 124
238 124
239 124
240 124
241 124
242 124
243 124
244 124
245 124
246 124
247 124
248 124
249 124
250 124
251 124
252 124
253 124
254 124
255 124
256 124
257 124
258 124
259 124
181 123
182 123
183 123
184 123
185 123
186 123
187 123
188 123
189 123
190 123
191 123
192 123
193 123
194 123
195 123
196 123
197 123
198 123
199 123
200 123
201 123
202 123
203 123
204 123
205 123
206 123
207 123
208 123
209 123
210 123
211 123
212 123
213 123
214 123
215 123
216 123
217 123
218 123
219 123
220 123
221 123
222 123
223 123
224 123
225 123
226 123
227 123
228 123
229 123
230 123
231 123
232 123
233 123
234 123
235 123
236 123
237 123
238 123
239 123
240 123
241 123
242 123
243 123
244 123
245 123
246 123
247 123
248 123
249 123
250 123
251 123
252 123
253 123
254 123
255 123
256 123
257 123
258 123
259 123
181 122
182 122
183 122
184 122
185 122
186 122
187 122
188 122
189 122
190 122
191 122
192 122
193 122
194 122
195 122
196 122
197 122
198 122
199 122
200 122
201 122
202 122
203 122
204 122
205 122
206 122
207 122
208 122
209 122
210 122
211 122
212 122
213 122
214 122
215 122
216 122
217 122
218 122
219 122
220 122
221 122
222 122
223 122
224 122
225 122
226 122
227 122
228 122
229 122
230 122
231 122
232 122
233 122
234 122
235 122
236 122
237 122
238 122
239 122
240 122
241 122
242 122
243 122
244 122
245 122
246 122
247 122
248 122
249 122
250 122
251 122
252 122
253 122
254 122
255 122
256 122
257 122
258 122
259 122
181 121
182 121
183 121
184 121
185 121
186 121
187 121
188 121
189 121
190 121
191 121
192 121
193 121
194 121
195 121
196 121
197 121
198 121
199 121
200 121
201 121
202 121
203 121
204 121
205 121
206 121
207 121
208 121
209 121
210 121
211 121
212 121
213 121
214 121
215 121
216 121
217 121
218 121
219 121
220 121
221 121
222 121
223 121
224 121
225 121
226 121
227 121
228 121
229 121
230 121
231 121
232 121
233 121
234 121
235 121
236 121
237 121
238 121
239 121
240 121
241 121
242 121
243 121
244 121
245 121
246 121
247 121
248 121
249 121
250 121
251 121
252 121
253 121
254 121
255 121
256 121
257 121
258 121
259 121
180 120
181 120
182 120
183 120
184 120
185 120
186 120
187 120
188 120
189 120
190 120
191 120
192 120
193 120
194 120
195 120
196 120
197 120
198 120
199 120
200 120
201 120
202 120
203 120
204 120
205 120
206 120
207 120
208 120
209 120
210 120
211 120
212 120
213 120
214 120
215 120
216 120
217 120
218 120
219 120
220 120
221 120
222 120
223 120
224 120
225 120
226 120
227 120
228 120
229 120
230 120
231 120
232 120
233 120
234 120
235 120
236 120
237 120
238 120
239 120
240 120
241 120
242 120
243 120
244 120
245 120
246 120
247 120
248 120
249 120
250 120
251 120
252 120
253 120
254 120
255 120
256 120
257 120
258 120
259 120
181 119
182 119
183 119
184 119
185 119
186 119
187 119
188 119
189 119
190 119
191 119
192 119
193 119
194 119
195 119
196 119
197 119
198 119
199 119
200 119
201 119
202 119
203 119
204 119
205 119
206 119
207 119
208 119
209 119
210 119
211 119
212 119
213 119
214 119
215 119
216 119
217 119
218 119
219 119
220 119
221 119
222 119
223 119
224 119
225 119
226 119
227 119
228 119
229 119
230 119
231 119
232 119
233 119
234 119
235 119
236 119
237 119
238 119
239 119
240 119
241 119
242 119
243 119
244 119
245 119
246 119
247 119
248 119
249 119
250 119
251 119
252 119
253 119
254 119
255 119
256 119
257 119
258 119
259 119
181 118
182 118
183 118
184 118
185 118
186 118
187 118
188 118
189 118
190 118
191 118
192 118
193 118
194 118
195 118
196 118
197 118
198 118
199 118
200 118
201 118
202 118
203 118
204 118
205 118
206 118
207 118
208 118
209 118
210 118
211 118
212 118
213 118
214 118
215 118
216 118
217 118
218 118
219 118
220 118
221 118
222 118
223 118
224 118
225 118
226 118
227 118
228 118
229 118
230 118
231 118
232 118
233 118
234 118
235 118
236 118
237 118
238 118
239 118
240 118
241 118
242 118
243 118
244 118
245 118
246 118
247 118
248 118
249 118
250 118
251 118
252 118
253 118
254 118
255 118
256 118
257 118
258 118
259 118
181 117
182 117
183 117
184 117
185 117
186 117
187 117
188 117
189 117
190 117
191 117
192 117
193 117
194 117
195 117
196 117
197 117
198 117
199 117
200 117
201 117
202 117
203 117
204 117
205 117
206 117
207 117
208 117
209 117
210 117
211 117
212 117
213 117
214 117
215 117
216 117
217 117
218 117
219 117
220 117
221 117
222 117
223 117
224 117
225 117
226 117
227 117
228 117
229 117
230 117
231 117
232 117
233 117
234 117
235 117
236 117
237 117
238 117
239 117
240 117
241 117
242 117
243 117
244 117
245 117
246 117
247 117
248 117
249 117
250 117
251 117
252 117
253 117
254 117
255 117
256 117
257 117
258 117
259 117
181 116
182 116
183 116
184 116
185 116
186 116
187 116
188 116
189 116
190 116
191 116
192 116
193 116
194 116
195 116
196 116
197 116
198 116
199 116
200 116
201 116
202 116
203 116
204 116
205 116
206 116
207 116
208 116
209 116
210 116
211 116
212 116
213 116
214 116
215 116
216 116
217 116
218 116
219 116
220 116
221 116
222 116
223 116
224 116
225 116
226 116
227 116
228 116
229 116
230 116
231 116
232 116
233 116
234 116
235 116
236 116
237 116
238 116
239 116
240 116
241 116
242 116
243 116
244 116
245 116
246 116
247 116
248 116
249 116
250 116
251 116
252 116
253 116
254 116
255 116
256 116
257 116
258 116
259 116
181 115
182 115
183 115
184 115
185 115
186 115
187 115
188 115
189 115
190 115
191 115
192 115
193 115
194 115
195 115
196 115
197 115
198 115
199 115
200 115
201 115
202 115
203 115
204 115
205 115
206 115
207 115
208 115
209 115
210 115
211 115
212 115
213 115
214 115
215 115
216 115
217 115
218 115
219 115
220 115
221 115
222 115
223 115
224 115
225 115
226 115
227 115
228 115
229 115
230 115
231 115
232 115
233 115
234 115
235 115
236 115
237 115
238 115
239 115
240 115
241 115
242 115
243 115
244 115
245 115
246 115
247 115
248 115
249 115
250 115
251 115
252 115
253 115
254 115
255 115
256 115
257 115
258 115
259 115
181 114
182 114
183 114
184 114
185 114
186 114
187 114
188 114
189 114
190 114
191 114
192 114
193 114
194 114
195 114
196 114
197 114
198 114
199 114
200 114
201 114
202 114
203 114
204 114
205 114
206 114
207 114
208 114
209 114
210 114
211 114
212 114
213 114
214 114
215 114
216 114
217 114
218 114
219 114
220 114
221 114
222 114
223 114
224 114
225 114
226 114
227 114
228 114
229 114
230 114
231 114
232 114
233 114
234 114
235 114
236 114
237 114
238 114
239 114
240 114
241 114
242 114
243 114
244 114
245 114
246 114
247 114
248 114
249 114
250 114
251 114
252 114
253 114
254 114
255 114
256 114
257 114
258 114
259 114
181 113
182 113
183 113
184 113
185 113
186 113
187 113
188 113
189 113
190 113
191 113
192 113
193 113
194 113
195 113
196 113
197 113
198 113
199 113
200 113
201 113
202 113
203 113
204 113
205 113
206 113
207 113
208 113
209 113
210 113
211 113
212 113
213 113
214 113
215 113
216 113
217 113
218 113
219 113
220 113
221 113
222 113
223 113
224 113
225 113
226 113
227 113
228 113
229 113
230 113
231 113
232 113
233 113
234 113
235 113
236 113
237 113
238 113
239 113
240 113
241 113
242 113
243 113
244 113
245 113
246 113
247 113
248 113
249 113
250 113
251 113
252 113
253 113
254 113
255 113
256 113
257 113
258 113
259 113
181 112
182 112
183 112
184 112
185 112
186 112
187 112
188 112
189 112
190 112
191 112
192 112
193 112
194 112
195 112
196 112
197 112
198 112
199 112
200 112
201 112
202 112
203 112
204 112
205 112
206 112
207 112
208 112
209 112
210 112
211 112
212 112
213 112
214 112
215 112
216 112
217 112
218 112
219 112
220 112
221 112
222 112
223 112
224 112
225 112
226 112
227 112
228 112
229 112
230 112
231 112
232 112
233 112
234 112
235 112
236 112
237 112
238 112
239 112
240 112
241 112
242 112
243 112
244 112
245 112
246 112
247 112
248 112
249 112
250 112
251 112
252 112
253 112
254 112
255 112
256 112
257 112
258 112
259 112
182 111
183 111
184 111
185 111
186 111
187 111
188 111
189 111
190 111
191 111
192 111
193 111
194 111
195 111
196 111
197 111
198 111
199 111
200 111
201 111
202 111
203 111
204 111
205 111
206 111
207 111
208 111
209 111
210 111
211 111
212 111
213 111
214 111
215 111
216 111
217 111
218 111
219 111
220 111
221 111
222 111
223 111
224 111
225 111
226 111
227 111
228 111
229 111
230 111
231 111
232 111
233 111
234 111
235 111
236 111
237 111
238 111
239 111
240 111
241 111
242 111
243 111
244 111
245 111
246 111
247 111
248 111
249 111
250 111
251 111
252 111
253 111
254 111
255 111
256 111
257 111
258 111
182 110
183 110
184 110
185 110
186 110
187 110
188 110
189 110
190 110
191 110
192 110
193 110
194 110
195 110
196 110
197 110
198 110
199 110
200 110
201 110
202 110
203 110
204 110
205 110
206 110
207 110
208 110
209 110
210 110
211 110
212 110
213 110
214 110
215 110
216 110
217 110
218 110
219 110
220 110
221 110
222 110
223 110
224 110
225 110
226 110
227 110
228 110
229 110
230 110
231 110
232 110
233 110
234 110
235 110
236 110
237 110
238 110
239 110
240 110
241 110
242 110
243 110
244 110
245 110
246 110
247 110
248 110
249 110
250 110
251 110
252 110
253 110
254 110
255 110
256 110
257 110
258 110
182 109
183 109
184 109
185 109
186 109
187 109
188 109
189 109
190 109
191 109
192 109
193 109
194 109
195 109
196 109
197 109
198 109
199 109
200 109
201 109
202 109
203 109
204 109
205 109
206 109
207 109
208 109
209 109
210 109
211 109
212 109
213 109
214 109
215 109
216 109
217 109
218 109
219 109
220 109
221 109
222 109
223 109
224 109
225 109
226 109
227 109
228 109
229 109
230 109
231 109
232 109
233 109
234 109
235 109
236 109
237 109
238 109
239 109
240 109
241 109
242 109
243 109
244 109
245 109
246 109
247 109
248 109
249 109
250 109
251 109
252 109
253 109
254 109
255 109
256 109
257 109
258 109
182 108
183 108
184 108
185 108
186 108
187 108
188 108
189 108
190 108
191 108
192 108
193 108
194 108
195 108
196 108
197 108
198 108
199 108
200 108
201 108
202 108
203 108
204 108
205 108
206 108
207 108
208 108
209 108
210 108
211 108
212 108
213 108
214 108
215 108
216 108
217 108
218 108
219 108
220 108
221 108
222 108
223 108
224 108
225 108
226 108
227 108
228 108
229 108
230 108
231 108
232 108
233 108
234 108
235 108
236 108
237 108
238 108
239 108
240 108
241 108
242 108
243 108
244 108
245 108
246 108
247 108
248 108
249 108
250 108
251 108
252 108
253 108
254 108
255 108
256 108
257 108
258 108
183 107
184 107
185 107
186 107
187 107
188 107
189 107
190 107
191 107
192 107
193 107
194 107
195 107
196 107
197 107
198 107
199 107
200 107
201 107
202 107
203 107
204 107
205 107
206 107
207 107
208 107
209 107
210 107
211 107
212 107
213 107
214 107
215 107
216 107
217 107
218 107
219 107
220 107
221 107
222 107
223 107
224 107
225 107
226 107
227 107
228 107
229 107
230 107
231 107
232 107
233 107
234 107
235 107
236 107
237 107
238 107
239 107
240 107
241 107
242 107
243 107
244 107
245 107
246 107
247 107
248 107
249 107
250 107
251 107
252 107
253 107
254 107
255 107
256 107
257 107
183 106
184 106
185 106
186 106
187 106
188 106
189 106
190 106
191 106
192 106
193 106
194 106
195 106
196 106
197 106
198 106
199 106
200 106
201 106
202 106
203 106
204 106
205 106
206 106
207 106
208 106
209 106
210 106
211 106
212 106
213 106
214 106
215 106
216 106
217 106
218 106
219 106
220 106
221 106
222 106
223 106
224 106
225 106
226 106
227 106
228 106
229 106
230 106
231 106
232 106
233 106
234 106
235 106
236 106
237 106
238 106
239 106
240 106
241 106
242 106
243 106
244 106
245 106
246 106
247 106
248 106
249 106
250 106
251 106
252 106
253 106
254 106
255 106
256 106
257 106
183 105
184 105
185 105
186 105
187 105
188 105
189 105
190 105
191 105
192 105
193 105
194 105
195 105
196 105
197 105
198 105
199 105
200 105
201 105
202 105
203 105
204 105
205 105
206 105
207 105
208 105
209 105
210 105
211 105
212 105
213 105
214 105
215 105
216 105
217 105
218 105
219 105
220 105
221 105
222 105
223 105
224 105
225 105
226 105
227 105
228 105
229 105
230 105
231 105
232 105
233 105
234 105
235 105
236 105
237 105
238 105
239 105
240 105
241 105
242 105
243 105
244 105
245 105
246 105
247 105
248 105
249 105
250 105
251 105
252 105
253 105
254 105
255 105
256 105
257 105
184 104
185 104
186 104
187 104
188 104
189 104
190 104
191 104
192 104
193 104
194 104
195 104
196 104
197 104
198 104
199 104
200 104
201 104
202 104
203 104
204 104
205 104
206 104
207 104
208 104
209 104
210 104
211 104
212 104
213 104
214 104
215 104
216 104
217 104
218 104
219 104
220 104
221 104
222 104
223 104
224 104
225 104
226 104
227 104
228 104
229 104
230 104
231 104
232 104
233 104
234 104
235 104
236 104
237 104
238 104
239 104
240 104
241 104
242 104
243 104
244 104
245 104
246 104
247 104
248 104
249 104
250 104
251 104
252 104
253 104
254 104
255 104
256 104
184 103
185 103
186 103
187 103
188 103
189 103
190 103
191 103
192 103
193 103
194 103
195 103
196 103
197 103
198 103
199 103
200 103
201 103
202 103
203 103
204 103
205 103
206 103
207 103
208 103
209 103
210 103
211 103
212 103
213 103
214 103
215 103
216 103
217 103
218 103
219 103
220 103
221 103
222 103
223 103
224 103
225 103
226 103
227 103
228 103
229 103
230 103
231 103
232 103
233 103
234 103
235 103
236 103
237 103
238 103
239 103
240 103
241 103
242 103
243 103
244 103
245 103
246 103
247 103
248 103
249 103
250 103
251 103
252 103
253 103
254 103
255 103
256 103
185 102
186 102
187 102
188 102
189 102
190 102
191 102
192 102
193 102
194 102
195 102
196 102
197 102
198 102
199 102
200 102
201 102
202 102
203 102
204 102
205 102
206 102
207 102
208 102
209 102
210 102
211 102
212 102
213 102
214 102
215 102
216 102
217 102
218 102
219 102
220 102
221 102
222 102
223 102
224 102
225 102
226 102
227 102
228 102
229 102
230 102
231 102
232 102
233 102
234 102
235 102
236 102
237 102
238 102
239 102
240 102
241 102
242 102
243 102
244 102
245 102
246 102
247 102
248 102
249 102
250 102
251 102
252 102
253 102
254 102
255 102
185 101
186 101
187 101
188 101
189 101
190 101
191 101
192 101
193 101
194 101
195 101
196 101
197 101
198 101
199 101
200 101
201 101
202 101
203 101
204 101
205 101
206 101
207 101
208 101
209 101
210 101
211 101
212 101
213 101
214 101
215 101
216 101
217 101
218 101
219 101
220 101
221 101
222 101
223 101
224 101
225 101
226 101
227 101
228 101
229 101
230 101
231 101
232 101
233 101
234 101
235 101
236 101
237 101
238 101
239 101
240 101
241 101
242 101
243 101
244 101
245 101
246 101
247 101
248 101
249 101
250 101
251 101
252 101
253 101
254 101
255 101
186 100
187 100
188 100
189 100
190 100
191 100
192 100
193 100
194 100
195 100
196 100
197 100
198 100
199 100
200 100
201 100
202 100
203 100
204 100
205 100
206 100
207 100
208 100
209 100
210 100
211 100
212 100
213 100
214 100
215 100
216 100
217 100
218 100
219 100
220 100
221 100
222 100
223 100
224 100
225 100
226 100
227 100
228 100
229 100
230 100
231 100
232 100
233 100
234 100
235 100
236 100
237 100
238 100
239 100
240 100
241 100
242 100
243 100
244 100
245 100
246 100
247 100
248 100
249 100
250 100
251 100
252 100
253 100
254 100
186 99
187 99
188 99
189 99
190 99
191 99
192 99
193 99
194 99
195 99
196 99
197 99
198 99
199 99
200 99
201 99
202 99
203 99
204 99
205 99
206 99
207 99
208 99
209 99
210 99
211 99
212 99
213 99
214 99
215 99
216 99
217 99
218 99
219 99
220 99
221 99
222 99
223 99
224 99
225 99
226 99
227 99
228 99
229 99
230 99
231 99
232 99
233 99
234 99
235 99
236 99
237 99
238 99
239 99
240 99
241 99
242 99
243 99
244 99
245 99
246 99
247 99
248 99
249 99
250 99
251 99
252 99
253 99
254 99
187 98
188 98
189 98
190 98
191 98
192 98
193 98
194 98
195 98
196 98
197 98
198 98
199 98
200 98
201 98
202 98
203 98
204 98
205 98
206 98
207 98
208 98
209 98
210 98
211 98
212 98
213 98
214 98
215 98
216 98
217 98
218 98
219 98
220 98
221 98
222 98
223 98
224 98
225 98
226 98
227 98
228 98
229 98
230 98
231 98
232 98
233 98
234 98
235 98
236 98
237 98
238 98
239 98
240 98
241 98
242 98
243 98
244 98
245 98
246 98
247 98
248 98
249 98
250 98
251 98
252 98
253 98
188 97
189 97
190 97
191 97
192 97
193 97
194 97
195 97
196 97
197 97
198 97
199 97
200 97
201 97
202 97
203 97
204 97
205 97
206 97
207 97
208 97
209 97
210 97
211 97
212 97
213 97
214 97
215 97
216 97
217 97
218 97
219 97
220 97
221 97
222 97
223 97
224 97
225 97
226 97
227 97
228 97
229 97
230 97
231 97
232 97
233 97
234 97
235 97
236 97
237 97
238 97
239 97
240 97
241 97
242 97
243 97
244 97
245 97
246 97
247 97
248 97
249 97
250 97
251 97
252 97
188 96
189 96
190 96
191 96
192 96
193 96
194 96
195 96
196 96
197 96
198 96
199 96
200 96
201 96
202 96
203 96
204 96
205 96
206 96
207 96
208 96
209 96
210 96
211 96
212 96
213 96
214 96
215 96
216 96
217 96
218 96
219 96
220 96
221 96
222 96
223 96
224 96
225 96
226 96
227 96
228 96
229 96
230 96
231 96
232 96
233 96
234 96
235 96
236 96
237 96
238 96
239 96
240 96
241 96
242 96
243 96
244 96
245 96
246 96
247 96
248 96
249 96
250 96
251 96
252 96
189 95
190 95
191 95
192 95
193 95
194 95
195 95
196 95
197 95
198 95
199 95
200 95
201 95
202 95
203 95
204 95
205 95
206 95
207 95
208 95
209 95
210 95
211 95
212 95
213 95
214 95
215 95
216 95
217 95
218 95
219 95
220 95
221 95
222 95
223 95
224 95
225 95
226 95
227 95
228 95
229 95
230 95
231 95
232 95
233 95
234 95
235 95
236 95
237 95
238 95
239 95
240 95
241 95
242 95
243 95
244 95
245 95
246 95
247 95
248 95
249 95
250 95
251 95
190 94
191 94
192 94
193 94
194 94
195 94
196 94
197 94
198 94
199 94
200 94
201 94
202 94
203 94
204 94
205 94
206 94
207 94
208 94
209 94
210 94
211 94
212 94
213 94
214 94
215 94
216 94
217 94
218 94
219 94
220 94
221 94
222 94
223 94
224 94
225 94
226 94
227 94
228 94
229 94
230 94
231 94
232 94
233 94
234 94
235 94
236 94
237 94
238 94
239 94
240 94
241 94
242 94
243 94
244 94
245 94
246 94
247 94
248 94
249 94
250 94
191 93
192 93
193 93
194 93
195 93
196 93
197 93
198 93
199 93
200 93
201 93
202 93
203 93
204 93
205 93
206 93
207 93
208 93
209 93
210 93
211 93
212 93
213 93
214 93
215 93
216 93
217 93
218 93
219 93
220 93
221 93
222 93
223 93
224 93
225 93
226 93
227 93
228 93
229 93
230 93
231 93
232 93
233 93
234 93
235 93
236 93
237 93
238 93
239 93
240 93
241 93
242 93
243 93
244 93
245 93
246 93
247 93
248 93
249 93
192 92
193 92
194 92
195 92
196 92
197 92
198 92
199 92
200 92
201 92
202 92
203 92
204 92
205 92
206 92
207 92
208 92
209 92
210 92
211 92
212 92
213 92
214 92
215 92
216 92
217 92
218 92
219 92
220 92
221 92
222 92
223 92
224 92
225 92
226 92
227 92
228 92
229 92
230 92
231 92
232 92
233 92
234 92
235 92
236 92
237 92
238 92
239 92
240 92
241 92
242 92
243 92
244 92
245 92
246 92
247 92
248 92
193 91
194 91
195 91
196 91
197 91
198 91
199 91
200 91
201 91
202 91
203 91
204 91
205 91
206 91
207 91
208 91
209 91
210 91
211 91
212 91
213 91
214 91
215 91
216 91
217 91
218 91
219 91
220 91
221 91
222 91
223 91
224 91
225 91
226 91
227 91
228 91
229 91
230 91
231 91
232 91
233 91
234 91
235 91
236 91
237 91
238 91
239 91
240 91
241 91
242 91
243 91
244 91
245 91
246 91
247 91
194 90
195 90
196 90
197 90
198 90
199 90
200 90
201 90
202 90
203 90
204 90
205 90
206 90
207 90
208 90
209 90
210 90
211 90
212 90
213 90
214 90
215 90
216 90
217 90
218 90
219 90
220 90
221 90
222 90
223 90
224 90
225 90
226 90
227 90
228 90
229 90
230 90
231 90
232 90
233 90
234 90
235 90
236 90
237 90
238 90
239 90
240 90
241 90
242 90
243 90
244 90
245 90
246 90
195 89
196 89
197 89
198 89
199 89
200 89
201 89
202 89
203 89
204 89
205 89
206 89
207 89
208 89
209 89
210 89
211 89
212 89
213 89
214 89
215 89
216 89
217 89
218 89
219 89
220 89
221 89
222 89
223 89
224 89
225 89
226 89
227 89
228 89
229 89
230 89
231 89
232 89
233 89
234 89
235 89
236 89
237 89
238 89
239 89
240 89
241 89
242 89
243 89
244 89
245 89
196 88
197 88
198 88
199 88
200 88
201 88
202 88
203 88
204 88
205 88
206 88
207 88
208 88
209 88
210 88
211 88
212 88
213 88
214 88
215 88
216 88
217 88
218 88
219 88
220 88
221 88
222 88
223 88
224 88
225 88
226 88
227 88
228 88
229 88
230 88
231 88
232 88
233 88
234 88
235 88
236 88
237 88
238 88
239 88
240 88
241 88
242 88
243 88
244 88
198 87
199 87
200 87
201 87
202 87
203 87
204 87
205 87
206 87
207 87
208 87
209 87
210 87
211 87
212 87
213 87
214 87
215 87
216 87
217 87
218 87
219 87
220 87
221 87
222 87
223 87
224 87
225 87
226 87
227 87
228 87
229 87
230 87
231 87
232 87
233 87
234 87
235 87
236 87
237 87
238 87
239 87
240 87
241 87
242 87
199 86
200 86
201 86
202 86
203 86
204 86
205 86
206 86
207 86
208 86
209 86
210 86
211 86
212 86
213 86
214 86
215 86
216 86
217 86
218 86
219 86
220 86
221 86
222 86
223 86
224 86
225 86
226 86
227 86
228 86
229 86
230 86
231 86
232 86
233 86
234 86
235 86
236 86
237 86
238 86
239 86
240 86
241 86
201 85
202 85
203 85
204 85
205 85
206 85
207 85
208 85
209 85
210 85
211 85
212 85
213 85
214 85
215 85
216 85
217 85
218 85
219 85
220 85
221 85
222 85
223 85
224 85
225 85
226 85
227 85
228 85
229 85
230 85
231 85
232 85
233 85
234 85
235 85
236 85
237 85
238 85
239 85
203 84
204 84
205 84
206 84
207 84
208 84
209 84
210 84
211 84
212 84
213 84
214 84
215 84
216 84
217 84
218 84
219 84
220 84
221 84
222 84
223 84
224 84
225 84
226 84
227 84
228 84
229 84
230 84
231 84
232 84
233 84
234 84
235 84
236 84
237 84
205 83
206 83
207 83
208 83
209 83
210 83
211 83
212 83
213 83
214 83
215 83
216 83
217 83
218 83
219 83
220 83
221 83
222 83
223 83
224 83
225 83
226 83
227 83
228 83
229 83
230 83
231 83
232 83
233 83
234 83
235 83
208 82
209 82
210 82
211 82
212 82
213 82
214 82
215 82
216 82
217 82
218 82
219 82
220 82
221 82
222 82
223 82
224 82
225 82
226 82
227 82
228 82
229 82
230 82
231 82
232 82
212 81
213 81
214 81
215 81
216 81
217 81
218 81
219 81
220 81
221 81
222 81
223 81
224 81
225 81
226 81
227 81
228 81
20 59
21 59
22 59
23 59
24 59
25 59
26 59
27 59
28 59
412 59
413 59
414 59
415 59
416 59
417 59
418 59
419 59
20 58
21 58
22 58
23 58
24 58
25 58
26 58
27 58
28 58
29 58
30 58
31 58
32 58
408 58
409 58
410 58
411 58
412 58
413 58
414 58
415 58
416 58
417 58
418 58
419 58
20 57
21 57
22 57
23 57
24 57
25 57
26 57
27 57
28 57
29 57
30 57
31 57
32 57
33 57
34 57
35 57
405 57
406 57
407 57
408 57
409 57
410 57
411 57
412 57
413 57
414 57
415 57
416 57
417 57
418 57
419 57
20 56
21 56
22 56
23 56
24 56
25 56
26 56
27 56
28 56
29 56
30 56
31 56
32 56
33 56
34 56
35 56
36 56
37 56
403 56
404 56
405 56
406 56
407 56
408 56
409 56
410 56
411 56
412 56
413 56
414 56
415 56
416 56
417 56
418 56
419 56
20 55
21 55
22 55
23 55
24 55
25 55
26 55
27 55
28 55
29 55
30 55
31 55
32 55
33 55
34 55
35 55
36 55
37 55
38 55
39 55
401 55
402 55
403 55
404 55
405 55
406 55
407 55
408 55
409 55
410 55
411 55
412 55
413 55
414 55
415 55
416 55
417 55
418 55
419 55
20 54
21 54
22 54
23 54
24 54
25 54
26 54
27 54
28 54
29 54
30 54
31 54
32 54
33 54
34 54
35 54
36 54
37 54
38 54
39 54
40 54
41 54
399 54
400 54
401 54
402 54
403 54
404 54
405 54
406 54
407 54
408 54
409 54
410 54
411 54
412 54
413 54
414 54
415 54
416 54
417 54
418 54
419 54
20 53
21 53
22 53
23 53
24 53
25 53
26 53
27 53
28 53
29 53
30 53
31 53
32 53
33 53
34 53
35 53
36 53
37 53
38 53
39 53
40 53
41 53
42 53
398 53
399 53
400 53
401 53
402 53
403 53
404 53
405 53
406 53
407 53
408 53
409 53
410 53
411 53
412 53
413 53
414 53
415 53
416 53
417 53
418 53
419 53
20 52
21 52
22 52
23 52
24 52
25 52
26 52
27 52
28 52
29 52
30 52
31 52
32 52
33 52
34 52
35 52
36 52
37 52
38 52
39 52
40 52
41 52
42 52
43 52
44 52
396 52
397 52
398 52
399 52
400 52
401 52
402 52
403 52
404 52
405 52
406 52
407 52
408 52
409 52
410 52
411 52
412 52
413 52
414 52
415 52
416 52
417 52
418 52
419 52
20 51
21 51
22 51
23 51
24 51
25 51
26 51
27 51
28 51
29 51
30 51
31 51
32 51
33 51
34 51
35 51
36 51
37 51
38 51
39 51
40 51
41 51
42 51
43 51
44 51
45 51
395 51
396 51
397 51
398 51
399 51
400 51
401 51
402 51
403 51
404 51
405 51
406 51
407 51
408 51
409 51
410 51
411 51
412 51
413 51
414 51
415 51
416 51
417 51
418 51
419 51
20 50
21 50
22 50
23 50
24 50
25 50
26 50
27 50
28 50
29 50
30 50
31 50
32 50
33 50
34 50
35 50
36 50
37 50
38 50
39 50
40 50
41 50
42 50
43 50
44 50
45 50
46 50
394 50
395 50
396 50
397 50
398 50
399 50
400 50
401 50
402 50
403 50
404 50
405 50
406 50
407 50
408 50
409 50
410 50
411 50
412 50
413 50
414 50
415 50
416 50
417 50
418 50
419 50
20 49
21 49
22 49
23 49
24 49
25 49
26 49
27 49
28 49
29 49
30 49
31 49
32 49
33 49
34 49
35 49
36 49
37 49
38 49
39 49
40 49
41 49
42 49
43 49
44 49
45 49
46 49
47 49
393 49
394 49
395 49
396 49
397 49
398 49
399 49
400 49
401 49
402 49
403 49
404 49
405 49
406 49
407 49
408 49
409 49
410 49
411 49
412 49
413 49
414 49
415 49
416 49
417 49
418 49
419 49
20 48
21 48
22 48
23 48
24 48
25 48
26 48
27 48
28 48
29 48
30 48
31 48
32 48
33 48
34 48
35 48
36 48
37 48
38 48
39 48
40 48
41 48
42 48
43 48
44 48
45 48
46 48
47 48
48 48
392 48
393 48
394 48
395 48
396 48
397 48
398 48
399 48
400 48
401 48
402 48
403 48
404 48
405 48
406 48
407 48
408 48
409 48
410 48
411 48
412 48
413 48
414 48
415 48
416 48
417 48
418 48
419 48
20 47
21 47
22 47
23 47
24 47
25 47
26 47
27 47
28 47
29 47
30 47
31 47
32 47
33 47
34 47
35 47
36 47
37 47
38 47
39 47
40 47
41 47
42 47
43 47
44 47
45 47
46 47
47 47
48 47
49 47
391 47
392 47
393 47
394 47
395 47
396 47
397 47
398 47
399 47
400 47
401 47
402 47
403 47
404 47
405 47
406 47
407 47
408 47
409 47
410 47
411 47
412 47
413 47
414 47
415 47
416 47
417 47
418 47
419 47
20 46
21 46
22 46
23 46
24 46
25 46
26 46
27 46
28 46
29 46
30 46
31 46
32 46
33 46
34 46
35 46
36 46
37 46
38 46
39 46
40 46
41 46
42 46
43 46
44 46
45 46
46 46
47 46
48 46
49 46
50 46
390 46
391 46
392 46
393 46
394 46
395 46
396 46
397 46
398 46
399 46
400 46
401 46
402 46
403 46
404 46
405 46
406 46
407 46
408 46
409 46
410 46
411 46
412 46
413 46
414 46
415 46
416 46
417 46
418 46
419 46
20 45
21 45
22 45
23 45
24 45
25 45
26 45
27 45
28 45
29 45
30 45
31 45
32 45
33 45
34 45
35 45
36 45
37 45
38 45
39 45
40 45
41 45
42 45
43 45
44 45
45 45
46 45
47 45
48 45
49 45
50 45
51 45
389 45
390 45
391 45
392 45
393 45
394 45
395 45
396 45
397 45
398 45
399 45
400 45
401 45
402 45
403 45
404 45
405 45
406 45
407 45
408 45
409 45
410 45
411 45
412 45
413 45
414 45
415 45
416 45
417 45
418 45
419 45
20 44
21 44
22 44
23 44
24 44
25 44
26 44
27 44
28 44
29 44
30 44
31 44
32 44
33 44
34 44
35 44
36 44
37 44
38 44
39 44
40 44
41 44
42 44
43 44
44 44
45 44
46 44
47 44
48 44
49 44
50 44
51 44
52 44
388 44
389 44
390 44
391 44
392 44
393 44
394 44
395 44
396 44
397 44
398 44
399 44
400 44
401 44
402 44
403 44
404 44
405 44
406 44
407 44
408 44
409 44
410 44
411 44
412 44
413 44
414 44
415 44
416 44
417 44
418 44
419 44
20 43
21 43
22 43
23 43
24 43
25 43
26 43
27 43
28 43
29 43
30 43
31 43
32 43
33 43
34 43
35 43
36 43
37 43
38 43
39 43
40 43
41 43
42 43
43 43
44 43
45 43
46 43
47 43
48 43
49 43
50 43
51 43
52 43
388 43
389 43
390 43
391 43
392 43
393 43
394 43
395 43
396 43
397 43
398 43
399 43
400 43
401 43
402 43
403 43
404 43
405 43
406 43
407 43
408 43
409 43
410 43
411 43
412 43
413 43
414 43
415 43
416 43
417 43
418 43
419 43
20 42
21 42
22 42
23 42
24 42
25 42
26 42
27 42
28 42
29 42
30 42
31 42
32 42
33 42
34 42
35 42
36 42
37 42
38 42
39 42
40 42
41 42
42 42
43 42
44 42
45 42
46 42
47 42
48 42
49 42
50 42
51 42
52 42
53 42
387 42
388 42
389 42
390 42
391 42
392 42
393 42
394 42
395 42
396 42
397 42
398 42
399 42
400 42
401 42
402 42
403 42
404 42
405 42
406 42
407 42
408 42
409 42
410 42
411 42
412 42
413 42
414 42
415 42
416 42
417 42
418 42
419 42
20 41
21 41
22 41
23 41
24 41
25 41
26 41
27 41
28 41
29 41
30 41
31 41
32 41
33 41
34 41
35 41
36 41
37 41
38 41
39 41
40 41
41 41
42 41
43 41
44 41
45 41
46 41
47 41
48 41
49 41
50 41
51 41
52 41
53 41
54 41
386 41
387 41
388 41
389 41
390 41
391 41
392 41
393 41
394 41
395 41
396 41
397 41
398 41
399 41
400 41
401 41
402 41
403 41
404 41
405 41
406 41
407 41
408 41
409 41
410 41
411 41
412 41
413 41
414 41
415 41
416 41
417 41
418 41
419 41
20 40
21 40
22 40
23 40
24 40
25 40
26 40
27 40
28 40
29 40
30 40
31 40
32 40
33 40
34 40
35 40
36 40
37 40
38 40
39 40
40 40
41 40
42 40
43 40
44 40
45 40
46 40
47 40
48 40
49 40
50 40
51 40
52 40
53 40
54 40
386 40
387 40
388 40
389 40
390 40
391 40
392 40
393 40
394 40
395 40
396 40
397 40
398 40
399 40
400 40
401 40
402 40
403 40
404 40
405 40
406 40
407 40
408 40
409 40
410 40
411 40
412 40
413 40
414 40
415 40
416 40
417 40
418 40
419 40
20 39
21 39
22 39
23 39
24 39
25 39
26 39
27 39
28 39
29 39
30 39
31 39
32 39
33 39
34 39
35 39
36 39
37 39
38 39
39 39
40 39
41 39
42 39
43 39
44 39
45 39
46 39
47 39
48 39
49 39
50 39
51 39
52 39
53 39
54 39
55 39
385 39
386 39
387 39
388 39
389 39
390 39
391 39
392 39
393 39
394 39
395 39
396 39
397 39
398 39
399 39
400 39
401 39
402 39
403 39
404 39
405 39
406 39
407 39
408 39
409 39
410 39
411 39
412 39
413 39
414 39
415 39
416 39
417 39
418 39
419 39
20 38
21 38
22 38
23 38
24 38
25 38
26 38
27 38
28 38
29 38
30 38
31 38
32 38
33 38
34 38
35 38
36 38
37 38
38 38
39 38
40 38
41 38
42 38
43 38
44 38
45 38
46 38
47 38
48 38
49 38
50 38
51 38
52 38
53 38
54 38
55 38
385 38
386 38
387 38
388 38
389 38
390 38
391 38
392 38
393 38
394 38
395 38
396 38
397 38
398 38
399 38
400 38
401 38
402 38
403 38
404 38
405 38
406 38
407 38
408 38
409 38
410 38
411 38
412 38
413 38
414 38
415 38
416 38
417 38
418 38
419 38
20 37
21 37
22 37
23 37
24 37
25 37
26 37
27 37
28 37
29 37
30 37
31 37
32 37
33 37
34 37
35 37
36 37
37 37
38 37
39 37
40 37
41 37
42 37
43 37
44 37
45 37
46 37
47 37
48 37
49 37
50 37
51 37
52 37
53 37
54 37
55 37
56 37
384 37
385 37
386 37
387 37
388 37
389 37
390 37
391 37
392 37
393 37
394 37
395 37
396 37
397 37
398 37
399 37
400 37
401 37
402 37
403 37
404 37
405 37
406 37
407 37
408 37
409 37
410 37
411 37
412 37
413 37
414 37
415 37
416 37
417 37
418 37
419 37
20 36
21 36
22 36
23 36
24 36
25 36
26 36
27 36
28 36
29 36
30 36
31 36
32 36
33 36
34 36
35 36
36 36
37 36
38 36
39 36
40 36
41 36
42 36
43 36
44 36
45 36
46 36
47 36
48 36
49 36
50 36
51 36
52 36
53 36
54 36
55 36
56 36
384 36
385 36
386 36
387 36
388 36
389 36
390 36
391 36
392 36
393 36
394 36
395 36
396 36
397 36
398 36
399 36
400 36
401 36
402 36
403 36
404 36
405 36
406 36
407 36
408 36
409 36
410 36
411 36
412 36
413 36
414 36
415 36
416 36
417 36
418 36
419 36
20 35
21 35
22 35
23 35
24 35
25 35
26 35
27 35
28 35
29 35
30 35
31 35
32 35
33 35
34 35
35 35
36 35
37 35
38 35
39 35
40 35
41 35
42 35
43 35
44 35
45 35
46 35
47 35
48 35
49 35
50 35
51 35
52 35
53 35
54 35
55 35
56 35
57 35
383 35
384 35
385 35
386 35
387 35
388 35
389 35
390 35
391 35
392 35
393 35
394 35
395 35
396 35
397 35
398 35
399 35
400 35
401 35
402 35
403 35
404 35
405 35
406 35
407 35
408 35
409 35
410 35
411 35
412 35
413 35
414 35
415 35
416 35
417 35
418 35
419 35
20 34
21 34
22 34
23 34
24 34
25 34
26 34
27 34
28 34
29 34
30 34
31 34
32 34
33 34
34 34
35 34
36 34
37 34
38 34
39 34
40 34
41 34
42 34
43 34
44 34
45 34
46 34
47 34
48 34
49 34
50 34
51 34
52 34
53 34
54 34
55 34
56 34
57 34
383 34
384 34
385 34
386 34
387 34
388 34
389 34
390 34
391 34
392 34
393 34
394 34
395 34
396 34
397 34
398 34
399 34
400 34
401 34
402 34
403 34
404 34
405 34
406 34
407 34
408 34
409 34
410 34
411 34
412 34
413 34
414 34
415 34
416 34
417 34
418 34
419 34
20 33
21 33
22 33
23 33
24 33
25 33
26 33
27 33
28 33
29 33
30 33
31 33
32 33
33 33
34 33
35 33
36 33
37 33
38 33
39 33
40 33
41 33
42 33
43 33
44 33
45 33
46 33
47 33
48 33
49 33
50 33
51 33
52 33
53 33
54 33
55 33
56 33
57 33
383 33
384 33
385 33
386 33
387 33
388 33
389 33
390 33
391 33
392 33
393 33
394 33
395 33
396 33
397 33
398 33
399 33
400 33
401 33
402 33
403 33
404 33
405 33
406 33
407 33
408 33
409 33
410 33
411 33
412 33
413 33
414 33
415 33
416 33
417 33
418 33
419 33
20 32
21 32
22 32
23 32
24 32
25 32
26 32
27 32
28 32
29 32
30 32
31 32
32 32
33 32
34 32
35 32
36 32
37 32
38 32
39 32
40 32
41 32
42 32
43 32
44 32
45 32
46 32
47 32
48 32
49 32
50 32
51 32
52 32
53 32
54 32
55 32
56 32
57 32
58 32
382 32
383 32
384 32
385 32
386 32
387 32
388 32
389 32
390 32
391 32
392 32
393 32
394 32
395 32
396 32
397 32
398 32
399 32
400 32
401 32
402 32
403 32
404 32
405 32
406 32
407 32
408 32
409 32
410 32
411 32
412 32
413 32
414 32
415 32
416 32
417 32
418 32
419 32
20 31
21 31
22 31
23 31
24 31
25 31
26 31
27 31
28 31
29 31
30 31
31 31
32 31
33 31
34 31
35 31
36 31
37 31
38 31
39 31
40 31
41 31
42 31
43 31
44 31
45 31
46 31
47 31
48 31
49 31
50 31
51 31
52 31
53 31
54 31
55 31
56 31
57 31
58 31
382 31
383 31
384 31
385 31
386 31
387 31
388 31
389 31
390 31
391 31
392 31
393 31
394 31
395 31
396 31
397 31
398 31
399 31
400 31
401 31
402 31
403 31
404 31
405 31
406 31
407 31
408 31
409 31
410 31
411 31
412 31
413 31
414 31
415 31
416 31
417 31
418 31
419 31
20 30
21 30
22 30
23 30
24 30
25 30
26 30
27 30
28 30
29 30
30 30
31 30
32 30
33 30
34 30
35 30
36 30
37 30
38 30
39 30
40 30
41 30
42 30
43 30
44 30
45 30
46 30
47 30
48 30
49 30
50 30
51 30
52 30
53 30
54 30
55 30
56 30
57 30
58 30
382 30
383 30
384 30
385 30
386 30
387 30
388 30
389 30
390 30
391 30
392 30
393 30
394 30
395 30
396 30
397 30
398 30
399 30
400 30
401 30
402 30
403 30
404 30
405 30
406 30
407 30
408 30
409 30
410 30
411 30
412 30
413 30
414 30
415 30
416 30
417 30
418 30
419 30
20 29
21 29
22 29
23 29
24 29
25 29
26 29
27 29
28 29
29 29
30 29
31 29
32 29
33 29
34 29
35 29
36 29
37 29
38 29
39 29
40 29
41 29
42 29
43 29
44 29
45 29
46 29
47 29
48 29
49 29
50 29
51 29
52 29
53 29
54 29
55 29
56 29
57 29
58 29
382 29
383 29
384 29
385 29
386 29
387 29
388 29
389 29
390 29
391 29
392 29
393 29
394 29
395 29
396 29
397 29
398 29
399 29
400 29
401 29
402 29
403 29
404 29
405 29
406 29
407 29
408 29
409 29
410 29
411 29
412 29
413 29
414 29
415 29
416 29
417 29
418 29
419 29
20 28
21 28
22 28
23 28
24 28
25 28
26 28
27 28
28 28
29 28
30 28
31 28
32 28
33 28
34 28
35 28
36 28
37 28
38 28
39 28
40 28
41 28
42 28
43 28
44 28
45 28
46 28
47 28
48 28
49 28
50 28
51 28
52 28
53 28
54 28
55 28
56 28
57 28
58 28
59 28
381 28
382 28
383 28
384 28
385 28
386 28
387 28
388 28
389 28
390 28
391 28
392 28
393 28
394 28
395 28
396 28
397 28
398 28
399 28
400 28
401 28
402 28
403 28
404 28
405 28
406 28
407 28
408 28
409 28
410 28
411 28
412 28
413 28
414 28
415 28
416 28
417 28
418 28
419 28
20 27
21 27
22 27
23 27
24 27
25 27
26 27
27 27
28 27
29 27
30 27
31 27
32 27
33 27
34 27
35 27
36 27
37 27
38 27
39 27
40 27
41 27
42 27
43 27
44 27
45 27
46 27
47 27
48 27
49 27
50 27
51 27
52 27
53 27
54 27
55 27
56 27
57 27
58 27
59 27
381 27
382 27
383 27
384 27
385 27
386 27
387 27
388 27
389 27
390 27
391 27
392 27
393 27
394 27
395 27
396 27
397 27
398 27
399 27
400 27
401 27
402 27
403 27
404 27
405 27
406 27
407 27
408 27
409 27
410 27
411 27
412 27
413 27
414 27
415 27
416 27
417 27
418 27
419 27
20 26
21 26
22 26
23 26
24 26
25 26
26 26
27 26
28 26
29 26
30 26
31 26
32 26
33 26
34 26
35 26
36 26
37 26
38 26
39 26
40 26
41 26
42 26
43 26
44 26
45 26
46 26
47 26
48 26
49 26
50 26
51 26
52 26
53 26
54 26
55 26
56 26
57 26
58 26
59 26
381 26
382 26
383 26
384 26
385 26
386 26
387 26
388 26
389 26
390 26
391 26
392 26
393 26
394 26
395 26
396 26
397 26
398 26
399 26
400 26
401 26
402 26
403 26
404 26
405 26
406 26
407 26
408 26
409 26
410 26
411 26
412 26
413 26
414 26
415 26
416 26
417 26
418 26
419 26
20 25
21 25
22 25
23 25
24 25
25 25
26 25
27 25
28 25
29 25
30 25
31 25
32 25
33 25
34 25
35 25
36 25
37 25
38 25
39 25
40 25
41 25
42 25
43 25
44 25
45 25
46 25
47 25
48 25
49 25
50 25
51 25
52 25
53 25
54 25
55 25
56 25
57 25
58 25
59 25
381 25
382 25
383 25
384 25
385 25
386 25
387 25
388 25
389 25
390 25
391 25
392 25
393 25
394 25
395 25
396 25
397 25
398 25
399 25
400 25
401 25
402 25
403 25
404 25
405 25
406 25
407 25
408 25
409 25
410 25
411 25
412 25
413 25
414 25
415 25
416 25
417 25
418 25
419 25
20 24
21 24
22 24
23 24
24 24
25 24
26 24
27 24
28 24
29 24
30 24
31 24
32 24
33 24
34 24
35 24
36 24
37 24
38 24
39 24
40 24
41 24
42 24
43 24
44 24
45 24
46 24
47 24
48 24
49 24
50 24
51 24
52 24
53 24
54 24
55 24
56 24
57 24
58 24
59 24
381 24
382 24
383 24
384 24
385 24
386 24
387 24
388 24
389 24
390 24
391 24
392 24
393 24
394 24
395 24
396 24
397 24
398 24
399 24
400 24
401 24
402 24
403 24
404 24
405 24
406 24
407 24
408 24
409 24
410 24
411 24
412 24
413 24
414 24
415 24
416 24
417 24
418 24
419 24
20 23
21 23
22 23
23 23
24 23
25 23
26 23
27 23
28 23
29 23
30 23
31 23
32 23
33 23
34 23
35 23
36 23
37 23
38 23
39 23
40 23
41 23
42 23
43 23
44 23
45 23
46 23
47 23
48 23
49 23
50 23
51 23
52 23
53 23
54 23
55 23
56 23
57 23
58 23
59 23
381 23
382 23
383 23
384 23
385 23
386 23
387 23
388 23
389 23
390 23
391 23
392 23
393 23
394 23
395 23
396 23
397 23
398 23
399 23
400 23
401 23
402 23
403 23
404 23
405 23
406 23
407 23
408 23
409 23
410 23
411 23
412 23
413 23
414 23
415 23
416 23
417 23
418 23
419 23
20 22
21 22
22 22
23 22
24 22
25 22
26 22
27 22
28 22
29 22
30 22
31 22
32 22
33 22
34 22
35 22
36 22
37 22
38 22
39 22
40 22
41 22
42 22
43 22
44 22
45 22
46 22
47 22
48 22
49 22
50 22
51 22
52 22
53 22
54 22
55 22
56 22
57 22
58 22
59 22
381 22
382 22
383 22
384 22
385 22
386 22
387 22
388 22
389 22
390 22
391 22
392 22
393 22
394 22
395 22
396 22
397 22
398 22
399 22
400 22
401 22
402 22
403 22
404 22
405 22
406 22
407 22
408 22
409 22
410 22
411 22
412 22
413 22
414 22
415 22
416 22
417 22
418 22
419 22
20 21
21 21
22 21
23 21
24 21
25 21
26 21
27 21
28 21
29 21
30 21
31 21
32 21
33 21
34 21
35 21
36 21
37 21
38 21
39 21
40 21
41 21
42 21
43 21
44 21
45 21
46 21
47 21
48 21
49 21
50 21
51 21
52 21
53 21
54 21
55 21
56 21
57 21
58 21
59 21
381 21
382 21
383 21
384 21
385 21
386 21
387 21
388 21
389 21
390 21
391 21
392 21
393 21
394 21
395 21
396 21
397 21
398 21
399 21
400 21
401 21
402 21
403 21
404 21
405 21
406 21
407 21
408 21
409 21
410 21
411 21
412 21
413 21
414 21
415 21
416 21
417 21
418 21
419 21
