20 170
21 170
22 170
23 170
24 170
25 170
26 170
27 170
28 170
29 170
30 170
31 170
32 170
33 170
34 170
35 170
36 170
37 170
38 170
39 170
40 170
41 170
42 170
43 170
44 170
45 170
46 170
47 170
48 170
49 170
50 170
51 170
52 170
53 170
54 170
55 170
56 170
57 170
58 170
59 170
20 169
21 169
22 169
23 169
24 169
25 169
26 169
27 169
28 169
29 169
30 169
31 169
32 169
33 169
34 169
35 169
36 169
37 169
38 169
39 169
40 169
41 169
42 169
43 169
44 169
45 169
46 169
47 169
48 169
49 169
50 169
51 169
52 169
53 169
54 169
55 169
56 169
57 169
58 169
59 169
20 168
21 168
22 168
23 168
24 168
25 168
26 168
27 168
28 168
29 168
30 168
31 168
32 168
33 168
34 168
35 168
36 168
37 168
38 168
39 168
40 168
41 168
42 168
43 168
44 168
45 168
46 168
47 168
48 168
49 168
50 168
51 168
52 168
53 168
54 168
55 168
56 168
57 168
58 168
59 168
20 167
21 167
22 167
23 167
24 167
25 167
26 167
27 167
28 167
29 167
30 167
31 167
32 167
33 167
34 167
35 167
36 167
37 167
38 167
39 167
40 167
41 167
42 167
43 167
44 167
45 167
46 167
47 167
48 167
49 167
50 167
51 167
52 167
53 167
54 167
55 167
56 167
57 167
58 167
59 167
20 166
21 166
22 166
23 166
24 166
25 166
26 166
27 166
28 166
29 166
30 166
31 166
32 166
33 166
34 166
35 166
36 166
37 166
38 166
39 166
40 166
41 166
42 166
43 166
44 166
45 166
46 166
47 166
48 166
49 166
50 166
51 166
52 166
53 166
54 166
55 166
56 166
57 166
58 166
59 166
20 165
21 165
22 165
23 165
24 165
25 165
26 165
27 165
28 165
29 165
30 165
31 165
32 165
33 165
34 165
35 165
36 165
37 165
38 165
39 165
40 165
41 165
42 165
43 165
44 165
45 165
46 165
47 165
48 165
49 165
50 165
51 165
52 165
53 165
54 165
55 165
56 165
57 165
58 165
59 165
20 164
21 164
22 164
23 164
24 164
25 164
26 164
27 164
28 164
29 164
30 164
31 164
32 164
33 164
34 164
35 164
36 164
37 164
38 164
39 164
40 164
41 164
42 164
43 164
44 164
45 164
46 164
47 164
48 164
49 164
50 164
51 164
52 164
53 164
54 164
55 164
56 164
57 164
58 164
59 164
20 163
21 163
22 163
23 163
24 163
25 163
26 163
27 163
28 163
29 163
30 163
31 163
32 163
33 163
34 163
35 163
36 163
37 163
38 163
39 163
40 163
41 163
42 163
43 163
44 163
45 163
46 163
47 163
48 163
49 163
50 163
51 163
52 163
53 163
54 163
55 163
56 163
57 163
58 163
59 163
20 162
21 162
22 162
23 162
24 162
25 162
26 162
27 162
28 162
29 162
30 162
31 162
32 162
33 162
34 162
35 162
36 162
37 162
38 162
39 162
40 162
41 162
42 162
43 162
44 162
45 162
46 162
47 162
48 162
49 162
50 162
51 162
52 162
53 162
54 162
55 162
56 162
57 162
58 162
59 162
20 161
21 161
22 161
23 161
24 161
25 161
26 161
27 161
28 161
29 161
30 161
31 161
32 161
33 161
34 161
35 161
36 161
37 161
38 161
39 161
40 161
41 161
42 161
43 161
44 161
45 161
46 161
47 161
48 161
49 161
50 161
51 161
52 161
53 161
54 161
55 161
56 161
57 161
58 161
20 160
21 160
22 160
23 160
24 160
25 160
26 160
27 160
28 160
29 160
30 160
31 160
32 160
33 160
34 160
35 160
36 160
37 160
38 160
39 160
40 160
41 160
42 160
43 160
44 160
45 160
46 160
47 160
48 160
49 160
50 160
51 160
52 160
53 160
54 160
55 160
56 160
57 160
58 160
20 159
21 159
22 159
23 159
24 159
25 159
26 159
27 159
28 159
29 159
30 159
31 159
32 159
33 159
34 159
35 159
36 159
37 159
38 159
39 159
40 159
41 159
42 159
43 159
44 159
45 159
46 159
47 159
48 159
49 159
50 159
51 159
52 159
53 159
54 159
55 159
56 159
57 159
58 159
20 158
21 158
22 158
23 158
24 158
25 158
26 158
27 158
28 158
29 158
30 158
31 158
32 158
33 158
34 158
35 158
36 158
37 158
38 158
39 158
40 158
41 158
42 158
43 158
44 158
45 158
46 158
47 158
48 158
49 158
50 158
51 158
52 158
53 158
54 158
55 158
56 158
57 158
58 158
20 157
21 157
22 157
23 157
24 157
25 157
26 157
27 157
28 157
29 157
30 157
31 157
32 157
33 157
34 157
35 157
36 157
37 157
38 157
39 157
40 157
41 157
42 157
43 157
44 157
45 157
46 157
47 157
48 157
49 157
50 157
51 157
52 157
53 157
54 157
55 157
56 157
57 157
20 156
21 156
22 156
23 156
24 156
25 156
26 156
27 156
28 156
29 156
30 156
31 156
32 156
33 156
34 156
35 156
36 156
37 156
38 156
39 156
40 156
41 156
42 156
43 156
44 156
45 156
46 156
47 156
48 156
49 156
50 156
51 156
52 156
53 156
54 156
55 156
56 156
57 156
20 155
21 155
22 155
23 155
24 155
25 155
26 155
27 155
28 155
29 155
30 155
31 155
32 155
33 155
34 155
35 155
36 155
37 155
38 155
39 155
40 155
41 155
42 155
43 155
44 155
45 155
46 155
47 155
48 155
49 155
50 155
51 155
52 155
53 155
54 155
55 155
56 155
57 155
20 154
21 154
22 154
23 154
24 154
25 154
26 154
27 154
28 154
29 154
30 154
31 154
32 154
33 154
34 154
35 154
36 154
37 154
38 154
39 154
40 154
41 154
42 154
43 154
44 154
45 154
46 154
47 154
48 154
49 154
50 154
51 154
52 154
53 154
54 154
55 154
56 154
20 153
21 153
22 153
23 153
24 153
25 153
26 153
27 153
28 153
29 153
30 153
31 153
32 153
33 153
34 153
35 153
36 153
37 153
38 153
39 153
40 153
41 153
42 153
43 153
44 153
45 153
46 153
47 153
48 153
49 153
50 153
51 153
52 153
53 153
54 153
55 153
56 153
20 152
21 152
22 152
23 152
24 152
25 152
26 152
27 152
28 152
29 152
30 152
31 152
32 152
33 152
34 152
35 152
36 152
37 152
38 152
39 152
40 152
41 152
42 152
43 152
44 152
45 152
46 152
47 152
48 152
49 152
50 152
51 152
52 152
53 152
54 152
55 152
20 151
21 151
22 151
23 151
24 151
25 151
26 151
27 151
28 151
29 151
30 151
31 151
32 151
33 151
34 151
35 151
36 151
37 151
38 151
39 151
40 151
41 151
42 151
43 151
44 151
45 151
46 151
47 151
48 151
49 151
50 151
51 151
52 151
53 151
54 151
55 151
20 150
21 150
22 150
23 150
24 150
25 150
26 150
27 150
28 150
29 150
30 150
31 150
32 150
33 150
34 150
35 150
36 150
37 150
38 150
39 150
40 150
41 150
42 150
43 150
44 150
45 150
46 150
47 150
48 150
49 150
50 150
51 150
52 150
53 150
54 150
20 149
21 149
22 149
23 149
24 149
25 149
26 149
27 149
28 149
29 149
30 149
31 149
32 149
33 149
34 149
35 149
36 149
37 149
38 149
39 149
40 149
41 149
42 149
43 149
44 149
45 149
46 149
47 149
48 149
49 149
50 149
51 149
52 149
53 149
54 149
20 148
21 148
22 148
23 148
24 148
25 148
26 148
27 148
28 148
29 148
30 148
31 148
32 148
33 148
34 148
35 148
36 148
37 148
38 148
39 148
40 148
41 148
42 148
43 148
44 148
45 148
46 148
47 148
48 148
49 148
50 148
51 148
52 148
53 148
20 147
21 147
22 147
23 147
24 147
25 147
26 147
27 147
28 147
29 147
30 147
31 147
32 147
33 147
34 147
35 147
36 147
37 147
38 147
39 147
40 147
41 147
42 147
43 147
44 147
45 147
46 147
47 147
48 147
49 147
50 147
51 147
52 147
20 146
21 146
22 146
23 146
24 146
25 146
26 146
27 146
28 146
29 146
30 146
31 146
32 146
33 146
34 146
35 146
36 146
37 146
38 146
39 146
40 146
41 146
42 146
43 146
44 146
45 146
46 146
47 146
48 146
49 146
50 146
51 146
52 146
20 145
21 145
22 145
23 145
24 145
25 145
26 145
27 145
28 145
29 145
30 145
31 145
32 145
33 145
34 145
35 145
36 145
37 145
38 145
39 145
40 145
41 145
42 145
43 145
44 145
45 145
46 145
47 145
48 145
49 145
50 145
51 145
20 144
21 144
22 144
23 144
24 144
25 144
26 144
27 144
28 144
29 144
30 144
31 144
32 144
33 144
34 144
35 144
36 144
37 144
38 144
39 144
40 144
41 144
42 144
43 144
44 144
45 144
46 144
47 144
48 144
49 144
50 144
20 143
21 143
22 143
23 143
24 143
25 143
26 143
27 143
28 143
29 143
30 143
31 143
32 143
33 143
34 143
35 143
36 143
37 143
38 143
39 143
40 143
41 143
42 143
43 143
44 143
45 143
46 143
47 143
48 143
49 143
20 142
21 142
22 142
23 142
24 142
25 142
26 142
27 142
28 142
29 142
30 142
31 142
32 142
33 142
34 142
35 142
36 142
37 142
38 142
39 142
40 142
41 142
42 142
43 142
44 142
45 142
46 142
47 142
48 142
20 141
21 141
22 141
23 141
24 141
25 141
26 141
27 141
28 141
29 141
30 141
31 141
32 141
33 141
34 141
35 141
36 141
37 141
38 141
39 141
40 141
41 141
42 141
43 141
44 141
45 141
46 141
47 141
20 140
21 140
22 140
23 140
24 140
25 140
26 140
27 140
28 140
29 140
30 140
31 140
32 140
33 140
34 140
35 140
36 140
37 140
38 140
39 140
40 140
41 140
42 140
43 140
44 140
45 140
46 140
20 139
21 139
22 139
23 139
24 139
25 139
26 139
27 139
28 139
29 139
30 139
31 139
32 139
33 139
34 139
35 139
36 139
37 139
38 139
39 139
40 139
41 139
42 139
43 139
44 139
45 139
20 138
21 138
22 138
23 138
24 138
25 138
26 138
27 138
28 138
29 138
30 138
31 138
32 138
33 138
34 138
35 138
36 138
37 138
38 138
39 138
40 138
41 138
42 138
43 138
44 138
20 137
21 137
22 137
23 137
24 137
25 137
26 137
27 137
28 137
29 137
30 137
31 137
32 137
33 137
34 137
35 137
36 137
37 137
38 137
39 137
40 137
41 137
42 137
20 136
21 136
22 136
23 136
24 136
25 136
26 136
27 136
28 136
29 136
30 136
31 136
32 136
33 136
34 136
35 136
36 136
37 136
38 136
39 136
40 136
41 136
20 135
21 135
22 135
23 135
24 135
25 135
26 135
27 135
28 135
29 135
30 135
31 135
32 135
33 135
34 135
35 135
36 135
37 135
38 135
39 135
20 134
21 134
22 134
23 134
24 134
25 134
26 134
27 134
28 134
29 134
30 134
31 134
32 134
33 134
34 134
35 134
36 134
37 134
20 133
21 133
22 133
23 133
24 133
25 133
26 133
27 133
28 133
29 133
30 133
31 133
32 133
33 133
34 133
35 133
20 132
21 132
22 132
23 132
24 132
25 132
26 132
27 132
28 132
29 132
30 132
31 132
32 132
20 131
21 131
22 131
23 131
24 131
25 131
26 131
27 131
28 131
220 110
212 109
213 109
214 109
215 109
216 109
217 109
218 109
219 109
220 109
221 109
222 109
223 109
224 109
225 109
226 109
227 109
228 109
208 108
209 108
210 108
211 108
212 108
213 108
214 108
215 108
216 108
217 108
218 108
219 108
220 108
221 108
222 108
223 108
224 108
225 108
226 108
227 108
228 108
229 108
230 108
231 108
232 108
205 107
206 107
207 107
208 107
209 107
210 107
211 107
212 107
213 107
214 107
215 107
216 107
217 107
218 107
219 107
220 107
221 107
222 107
223 107
224 107
225 107
226 107
227 107
228 107
229 107
230 107
231 107
232 107
233 107
234 107
235 107
203 106
204 106
205 106
206 106
207 106
208 106
209 106
210 106
211 106
212 106
213 106
214 106
215 106
216 106
217 106
218 106
219 106
220 106
221 106
222 106
223 106
224 106
225 106
226 106
227 106
228 106
229 106
230 106
231 106
232 106
233 106
234 106
235 106
236 106
237 106
201 105
202 105
203 105
204 105
205 105
206 105
207 105
208 105
209 105
210 105
211 105
212 105
213 105
214 105
215 105
216 105
217 105
218 105
219 105
220 105
221 105
222 105
223 105
224 105
225 105
226 105
227 105
228 105
229 105
230 105
231 105
232 105
233 105
234 105
235 105
236 105
237 105
238 105
239 105
199 104
200 104
201 104
202 104
203 104
204 104
205 104
206 104
207 104
208 104
209 104
210 104
211 104
212 104
213 104
214 104
215 104
216 104
217 104
218 104
219 104
220 104
221 104
222 104
223 104
224 104
225 104
226 104
227 104
228 104
229 104
230 104
231 104
232 104
233 104
234 104
235 104
236 104
237 104
238 104
239 104
240 104
241 104
198 103
199 103
200 103
201 103
202 103
203 103
204 103
205 103
206 103
207 103
208 103
209 103
210 103
211 103
212 103
213 103
214 103
215 103
216 103
217 103
218 103
219 103
220 103
221 103
222 103
223 103
224 103
225 103
226 103
227 103
228 103
229 103
230 103
231 103
232 103
233 103
234 103
235 103
236 103
237 103
238 103
239 103
240 103
241 103
242 103
196 102
197 102
198 102
199 102
200 102
201 102
202 102
203 102
204 102
205 102
206 102
207 102
208 102
209 102
210 102
211 102
212 102
213 102
214 102
215 102
216 102
217 102
218 102
219 102
220 102
221 102
222 102
223 102
224 102
225 102
226 102
227 102
228 102
229 102
230 102
231 102
232 102
233 102
234 102
235 102
236 102
237 102
238 102
239 102
240 102
241 102
242 102
243 102
244 102
195 101
196 101
197 101
198 101
199 101
200 101
201 101
202 101
203 101
204 101
205 101
206 101
207 101
208 101
209 101
210 101
211 101
212 101
213 101
214 101
215 101
216 101
217 101
218 101
219 101
220 101
221 101
222 101
223 101
224 101
225 101
226 101
227 101
228 101
229 101
230 101
231 101
232 101
233 101
234 101
235 101
236 101
237 101
238 101
239 101
240 101
241 101
242 101
243 101
244 101
245 101
194 100
195 100
196 100
197 100
198 100
199 100
200 100
201 100
202 100
203 100
204 100
205 100
206 100
207 100
208 100
209 100
210 100
211 100
212 100
213 100
214 100
215 100
216 100
217 100
218 100
219 100
220 100
221 100
222 100
223 100
224 100
225 100
226 100
227 100
228 100
229 100
230 100
231 100
232 100
233 100
234 100
235 100
236 100
237 100
238 100
239 100
240 100
241 100
242 100
243 100
244 100
245 100
246 100
193 99
194 99
195 99
196 99
197 99
198 99
199 99
200 99
201 99
202 99
203 99
204 99
205 99
206 99
207 99
208 99
209 99
210 99
211 99
212 99
213 99
214 99
215 99
216 99
217 99
218 99
219 99
220 99
221 99
222 99
223 99
224 99
225 99
226 99
227 99
228 99
229 99
230 99
231 99
232 99
233 99
234 99
235 99
236 99
237 99
238 99
239 99
240 99
241 99
242 99
243 99
244 99
245 99
246 99
247 99
192 98
193 98
194 98
195 98
196 98
197 98
198 98
199 98
200 98
201 98
202 98
203 98
204 98
205 98
206 98
207 98
208 98
209 98
210 98
211 98
212 98
213 98
214 98
215 98
216 98
217 98
218 98
219 98
220 98
221 98
222 98
223 98
224 98
225 98
226 98
227 98
228 98
229 98
230 98
231 98
232 98
233 98
234 98
235 98
236 98
237 98
238 98
239 98
240 98
241 98
242 98
243 98
244 98
245 98
246 98
247 98
248 98
191 97
192 97
193 97
194 97
195 97
196 97
197 97
198 97
199 97
200 97
201 97
202 97
203 97
204 97
205 97
206 97
207 97
208 97
209 97
210 97
211 97
212 97
213 97
214 97
215 97
216 97
217 97
218 97
219 97
220 97
221 97
222 97
223 97
224 97
225 97
226 97
227 97
228 97
229 97
230 97
231 97
232 97
233 97
234 97
235 97
236 97
237 97
238 97
239 97
240 97
241 97
242 97
243 97
244 97
245 97
246 97
247 97
248 97
249 97
190 96
191 96
192 96
193 96
194 96
195 96
196 96
197 96
198 96
199 96
200 96
201 96
202 96
203 96
204 96
205 96
206 96
207 96
208 96
209 96
210 96
211 96
212 96
213 96
214 96
215 96
216 96
217 96
218 96
219 96
220 96
221 96
222 96
223 96
224 96
225 96
226 96
227 96
228 96
229 96
230 96
231 96
232 96
233 96
234 96
235 96
236 96
237 96
238 96
239 96
240 96
241 96
242 96
243 96
244 96
245 96
246 96
247 96
248 96
249 96
250 96
189 95
190 95
191 95
192 95
193 95
194 95
195 95
196 95
197 95
198 95
199 95
200 95
201 95
202 95
203 95
204 95
205 95
206 95
207 95
208 95
209 95
210 95
211 95
212 95
213 95
214 95
215 95
216 95
217 95
218 95
219 95
220 95
221 95
222 95
223 95
224 95
225 95
226 95
227 95
228 95
229 95
230 95
231 95
232 95
233 95
234 95
235 95
236 95
237 95
238 95
239 95
240 95
241 95
242 95
243 95
244 95
245 95
246 95
247 95
248 95
249 95
250 95
251 95
188 94
189 94
190 94
191 94
192 94
193 94
194 94
195 94
196 94
197 94
198 94
199 94
200 94
201 94
202 94
203 94
204 94
205 94
206 94
207 94
208 94
209 94
210 94
211 94
212 94
213 94
214 94
215 94
216 94
217 94
218 94
219 94
220 94
221 94
222 94
223 94
224 94
225 94
226 94
227 94
228 94
229 94
230 94
231 94
232 94
233 94
234 94
235 94
236 94
237 94
238 94
239 94
240 94
241 94
242 94
243 94
244 94
245 94
246 94
247 94
248 94
249 94
250 94
251 94
252 94
188 93
189 93
190 93
191 93
192 93
193 93
194 93
195 93
196 93
197 93
198 93
199 93
200 93
201 93
202 93
203 93
204 93
205 93
206 93
207 93
208 93
209 93
210 93
211 93
212 93
213 93
214 93
215 93
216 93
217 93
218 93
219 93
220 93
221 93
222 93
223 93
224 93
225 93
226 93
227 93
228 93
229 93
230 93
231 93
232 93
233 93
234 93
235 93
236 93
237 93
238 93
239 93
240 93
241 93
242 93
243 93
244 93
245 93
246 93
247 93
248 93
249 93
250 93
251 93
252 93
187 92
188 92
189 92
190 92
191 92
192 92
193 92
194 92
195 92
196 92
197 92
198 92
199 92
200 92
201 92
202 92
203 92
204 92
205 92
206 92
207 92
208 92
209 92
210 92
211 92
212 92
213 92
214 92
215 92
216 92
217 92
218 92
219 92
220 92
221 92
222 92
223 92
224 92
225 92
226 92
227 92
228 92
229 92
230 92
231 92
232 92
233 92
234 92
235 92
236 92
237 92
238 92
239 92
240 92
241 92
242 92
243 92
244 92
245 92
246 92
247 92
248 92
249 92
250 92
251 92
252 92
253 92
186 91
187 91
188 91
189 91
190 91
191 91
192 91
193 91
194 91
195 91
196 91
197 91
198 91
199 91
200 91
201 91
202 91
203 91
204 91
205 91
206 91
207 91
208 91
209 91
210 91
211 91
212 91
213 91
214 91
215 91
216 91
217 91
218 91
219 91
220 91
221 91
222 91
223 91
224 91
225 91
226 91
227 91
228 91
229 91
230 91
231 91
232 91
233 91
234 91
235 91
236 91
237 91
238 91
239 91
240 91
241 91
242 91
243 91
244 91
245 91
246 91
247 91
248 91
249 91
250 91
251 91
252 91
253 91
254 91
186 90
187 90
188 90
189 90
190 90
191 90
192 90
193 90
194 90
195 90
196 90
197 90
198 90
199 90
200 90
201 90
202 90
203 90
204 90
205 90
206 90
207 90
208 90
209 90
210 90
211 90
212 90
213 90
214 90
215 90
216 90
217 90
218 90
219 90
220 90
221 90
222 90
223 90
224 90
225 90
226 90
227 90
228 90
229 90
230 90
231 90
232 90
233 90
234 90
235 90
236 90
237 90
238 90
239 90
240 90
241 90
242 90
243 90
244 90
245 90
246 90
247 90
248 90
249 90
250 90
251 90
252 90
253 90
254 90
185 89
186 89
187 89
188 89
189 89
190 89
191 89
192 89
193 89
194 89
195 89
196 89
197 89
198 89
199 89
200 89
201 89
202 89
203 89
204 89
205 89
206 89
207 89
208 89
209 89
210 89
211 89
212 89
213 89
214 89
215 89
216 89
217 89
218 89
219 89
220 89
221 89
222 89
223 89
224 89
225 89
226 89
227 89
228 89
229 89
230 89
231 89
232 89
233 89
234 89
235 89
236 89
237 89
238 89
239 89
240 89
241 89
242 89
243 89
244 89
245 89
246 89
247 89
248 89
249 89
250 89
251 89
252 89
253 89
254 89
255 89
185 88
186 88
187 88
188 88
189 88
190 88
191 88
192 88
193 88
194 88
195 88
196 88
197 88
198 88
199 88
200 88
201 88
202 88
203 88
204 88
205 88
206 88
207 88
208 88
209 88
210 88
211 88
212 88
213 88
214 88
215 88
216 88
217 88
218 88
219 88
220 88
221 88
222 88
223 88
224 88
225 88
226 88
227 88
228 88
229 88
230 88
231 88
232 88
233 88
234 88
235 88
236 88
237 88
238 88
239 88
240 88
241 88
242 88
243 88
244 88
245 88
246 88
247 88
248 88
249 88
250 88
251 88
252 88
253 88
254 88
255 88
184 87
185 87
186 87
187 87
188 87
189 87
190 87
191 87
192 87
193 87
194 87
195 87
196 87
197 87
198 87
199 87
200 87
201 87
202 87
203 87
204 87
205 87
206 87
207 87
208 87
209 87
210 87
211 87
212 87
213 87
214 87
215 87
216 87
217 87
218 87
219 87
220 87
221 87
222 87
223 87
224 87
225 87
226 87
227 87
228 87
229 87
230 87
231 87
232 87
233 87
234 87
235 87
236 87
237 87
238 87
239 87
240 87
241 87
242 87
243 87
244 87
245 87
246 87
247 87
248 87
249 87
250 87
251 87
252 87
253 87
254 87
255 87
256 87
184 86
185 86
186 86
187 86
188 86
189 86
190 86
191 86
192 86
193 86
194 86
195 86
196 86
197 86
198 86
199 86
200 86
201 86
202 86
203 86
204 86
205 86
206 86
207 86
208 86
209 86
210 86
211 86
212 86
213 86
214 86
215 86
216 86
217 86
218 86
219 86
220 86
221 86
222 86
223 86
224 86
225 86
226 86
227 86
228 86
229 86
230 86
231 86
232 86
233 86
234 86
235 86
236 86
237 86
238 86
239 86
240 86
241 86
242 86
243 86
244 86
245 86
246 86
247 86
248 86
249 86
250 86
251 86
252 86
253 86
254 86
255 86
256 86
183 85
184 85
185 85
186 85
187 85
188 85
189 85
190 85
191 85
192 85
193 85
194 85
195 85
196 85
197 85
198 85
199 85
200 85
201 85
202 85
203 85
204 85
205 85
206 85
207 85
208 85
209 85
210 85
211 85
212 85
213 85
214 85
215 85
216 85
217 85
218 85
219 85
220 85
221 85
222 85
223 85
224 85
225 85
226 85
227 85
228 85
229 85
230 85
231 85
232 85
233 85
234 85
235 85
236 85
237 85
238 85
239 85
240 85
241 85
242 85
243 85
244 85
245 85
246 85
247 85
248 85
249 85
250 85
251 85
252 85
253 85
254 85
255 85
256 85
257 85
183 84
184 84
185 84
186 84
187 84
188 84
189 84
190 84
191 84
192 84
193 84
194 84
195 84
196 84
197 84
198 84
199 84
200 84
201 84
202 84
203 84
204 84
205 84
206 84
207 84
208 84
209 84
210 84
211 84
212 84
213 84
214 84
215 84
216 84
217 84
218 84
219 84
220 84
221 84
222 84
223 84
224 84
225 84
226 84
227 84
228 84
229 84
230 84
231 84
232 84
233 84
234 84
235 84
236 84
237 84
238 84
239 84
240 84
241 84
242 84
243 84
244 84
245 84
246 84
247 84
248 84
249 84
250 84
251 84
252 84
253 84
254 84
255 84
256 84
257 84
183 83
184 83
185 83
186 83
187 83
188 83
189 83
190 83
191 83
192 83
193 83
194 83
195 83
196 83
197 83
198 83
199 83
200 83
201 83
202 83
203 83
204 83
205 83
206 83
207 83
208 83
209 83
210 83
211 83
212 83
213 83
214 83
215 83
216 83
217 83
218 83
219 83
220 83
221 83
222 83
223 83
224 83
225 83
226 83
227 83
228 83
229 83
230 83
231 83
232 83
233 83
234 83
235 83
236 83
237 83
238 83
239 83
240 83
241 83
242 83
243 83
244 83
245 83
246 83
247 83
248 83
249 83
250 83
251 83
252 83
253 83
254 83
255 83
256 83
257 83
182 82
183 82
184 82
185 82
186 82
187 82
188 82
189 82
190 82
191 82
192 82
193 82
194 82
195 82
196 82
197 82
198 82
199 82
200 82
201 82
202 82
203 82
204 82
205 82
206 82
207 82
208 82
209 82
210 82
211 82
212 82
213 82
214 82
215 82
216 82
217 82
218 82
219 82
220 82
221 82
222 82
223 82
224 82
225 82
226 82
227 82
228 82
229 82
230 82
231 82
232 82
233 82
234 82
235 82
236 82
237 82
238 82
239 82
240 82
241 82
242 82
243 82
244 82
245 82
246 82
247 82
248 82
249 82
250 82
251 82
252 82
253 82
254 82
255 82
256 82
257 82
258 82
182 81
183 81
184 81
185 81
186 81
187 81
188 81
189 81
190 81
191 81
192 81
193 81
194 81
195 81
196 81
197 81
198 81
199 81
200 81
201 81
202 81
203 81
204 81
205 81
206 81
207 81
208 81
209 81
210 81
211 81
212 81
213 81
214 81
215 81
216 81
217 81
218 81
219 81
220 81
221 81
222 81
223 81
224 81
225 81
226 81
227 81
228 81
229 81
230 81
231 81
232 81
233 81
234 81
235 81
236 81
237 81
238 81
239 81
240 81
241 81
242 81
243 81
244 81
245 81
246 81
247 81
248 81
249 81
250 81
251 81
252 81
253 81
254 81
255 81
256 81
257 81
258 81
182 80
183 80
184 80
185 80
186 80
187 80
188 80
189 80
190 80
191 80
192 80
193 80
194 80
195 80
196 80
197 80
198 80
199 80
200 80
201 80
202 80
203 80
204 80
205 80
206 80
207 80
208 80
209 80
210 80
211 80
212 80
213 80
214 80
215 80
216 80
217 80
218 80
219 80
220 80
221 80
222 80
223 80
224 80
225 80
226 80
227 80
228 80
229 80
230 80
231 80
232 80
233 80
234 80
235 80
236 80
237 80
238 80
239 80
240 80
241 80
242 80
243 80
244 80
245 80
246 80
247 80
248 80
249 80
250 80
251 80
252 80
253 80
254 80
255 80
256 80
257 80
258 80
182 79
183 79
184 79
185 79
186 79
187 79
188 79
189 79
190 79
191 79
192 79
193 79
194 79
195 79
196 79
197 79
198 79
199 79
200 79
201 79
202 79
203 79
204 79
205 79
206 79
207 79
208 79
209 79
210 79
211 79
212 79
213 79
214 79
215 79
216 79
217 79
218 79
219 79
220 79
221 79
222 79
223 79
224 79
225 79
226 79
227 79
228 79
229 79
230 79
231 79
232 79
233 79
234 79
235 79
236 79
237 79
238 79
239 79
240 79
241 79
242 79
243 79
244 79
245 79
246 79
247 79
248 79
249 79
250 79
251 79
252 79
253 79
254 79
255 79
256 79
257 79
258 79
181 78
182 78
183 78
184 78
185 78
186 78
187 78
188 78
189 78
190 78
191 78
192 78
193 78
194 78
195 78
196 78
197 78
198 78
199 78
200 78
201 78
202 78
203 78
204 78
205 78
206 78
207 78
208 78
209 78
210 78
211 78
212 78
213 78
214 78
215 78
216 78
217 78
218 78
219 78
220 78
221 78
222 78
223 78
224 78
225 78
226 78
227 78
228 78
229 78
230 78
231 78
232 78
233 78
234 78
235 78
236 78
237 78
238 78
239 78
240 78
241 78
242 78
243 78
244 78
245 78
246 78
247 78
248 78
249 78
250 78
251 78
252 78
253 78
254 78
255 78
256 78
257 78
258 78
259 78
181 77
182 77
183 77
184 77
185 77
186 77
187 77
188 77
189 77
190 77
191 77
192 77
193 77
194 77
195 77
196 77
197 77
198 77
199 77
200 77
201 77
202 77
203 77
204 77
205 77
206 77
207 77
208 77
209 77
210 77
211 77
212 77
213 77
214 77
215 77
216 77
217 77
218 77
219 77
220 77
221 77
222 77
223 77
224 77
225 77
226 77
227 77
228 77
229 77
230 77
231 77
232 77
233 77
234 77
235 77
236 77
237 77
238 77
239 77
240 77
241 77
242 77
243 77
244 77
245 77
246 77
247 77
248 77
249 77
250 77
251 77
252 77
253 77
254 77
255 77
256 77
257 77
258 77
259 77
181 76
182 76
183 76
184 76
185 76
186 76
187 76
188 76
189 76
190 76
191 76
192 76
193 76
194 76
195 76
196 76
197 76
198 76
199 76
200 76
201 76
202 76
203 76
204 76
205 76
206 76
207 76
208 76
209 76
210 76
211 76
212 76
213 76
214 76
215 76
216 76
217 76
218 76
219 76
220 76
221 76
222 76
223 76
224 76
225 76
226 76
227 76
228 76
229 76
230 76
231 76
232 76
233 76
234 76
235 76
236 76
237 76
238 76
239 76
240 76
241 76
242 76
243 76
244 76
245 76
246 76
247 76
248 76
249 76
250 76
251 76
252 76
253 76
254 76
255 76
256 76
257 76
258 76
259 76
181 75
182 75
183 75
184 75
185 75
186 75
187 75
188 75
189 75
190 75
191 75
192 75
193 75
194 75
195 75
196 75
197 75
198 75
199 75
200 75
201 75
202 75
203 75
204 75
205 75
206 75
207 75
208 75
209 75
210 75
211 75
212 75
213 75
214 75
215 75
216 75
217 75
218 75
219 75
220 75
221 75
222 75
223 75
224 75
225 75
226 75
227 75
228 75
229 75
230 75
231 75
232 75
233 75
234 75
235 75
236 75
237 75
238 75
239 75
240 75
241 75
242 75
243 75
244 75
245 75
246 75
247 75
248 75
249 75
250 75
251 75
252 75
253 75
254 75
255 75
256 75
257 75
258 75
259 75
181 74
182 74
183 74
184 74
185 74
186 74
187 74
188 74
189 74
190 74
191 74
192 74
193 74
194 74
195 74
196 74
197 74
198 74
199 74
200 74
201 74
202 74
203 74
204 74
205 74
206 74
207 74
208 74
209 74
210 74
211 74
212 74
213 74
214 74
215 74
216 74
217 74
218 74
219 74
220 74
221 74
222 74
223 74
224 74
225 74
226 74
227 74
228 74
229 74
230 74
231 74
232 74
233 74
234 74
235 74
236 74
237 74
238 74
239 74
240 74
241 74
242 74
243 74
244 74
245 74
246 74
247 74
248 74
249 74
250 74
251 74
252 74
253 74
254 74
255 74
256 74
257 74
258 74
259 74
181 73
182 73
183 73
184 73
185 73
186 73
187 73
188 73
189 73
190 73
191 73
192 73
193 73
194 73
195 73
196 73
197 73
198 73
199 73
200 73
201 73
202 73
203 73
204 73
205 73
206 73
207 73
208 73
209 73
210 73
211 73
212 73
213 73
214 73
215 73
216 73
217 73
218 73
219 73
220 73
221 73
222 73
223 73
224 73
225 73
226 73
227 73
228 73
229 73
230 73
231 73
232 73
233 73
234 73
235 73
236 73
237 73
238 73
239 73
240 73
241 73
242 73
243 73
244 73
245 73
246 73
247 73
248 73
249 73
250 73
251 73
252 73
253 73
254 73
255 73
256 73
257 73
258 73
259 73
181 72
182 72
183 72
184 72
185 72
186 72
187 72
188 72
189 72
190 72
191 72
192 72
193 72
194 72
195 72
196 72
197 72
198 72
199 72
200 72
201 72
202 72
203 72
204 72
205 72
206 72
207 72
208 72
209 72
210 72
211 72
212 72
213 72
214 72
215 72
216 72
217 72
218 72
219 72
220 72
221 72
222 72
223 72
224 72
225 72
226 72
227 72
228 72
229 72
230 72
231 72
232 72
233 72
234 72
235 72
236 72
237 72
238 72
239 72
240 72
241 72
242 72
243 72
244 72
245 72
246 72
247 72
248 72
249 72
250 72
251 72
252 72
253 72
254 72
255 72
256 72
257 72
258 72
259 72
181 71
182 71
183 71
184 71
185 71
186 71
187 71
188 71
189 71
190 71
191 71
192 71
193 71
194 71
195 71
196 71
197 71
198 71
199 71
200 71
201 71
202 71
203 71
204 71
205 71
206 71
207 71
208 71
209 71
210 71
211 71
212 71
213 71
214 71
215 71
216 71
217 71
218 71
219 71
220 71
221 71
222 71
223 71
224 71
225 71
226 71
227 71
228 71
229 71
230 71
231 71
232 71
233 71
234 71
235 71
236 71
237 71
238 71
239 71
240 71
241 71
242 71
243 71
244 71
245 71
246 71
247 71
248 71
249 71
250 71
251 71
252 71
253 71
254 71
255 71
256 71
257 71
258 71
259 71
180 70
181 70
182 70
183 70
184 70
185 70
186 70
187 70
188 70
189 70
190 70
191 70
192 70
193 70
194 70
195 70
196 70
197 70
198 70
199 70
200 70
201 70
202 70
203 70
204 70
205 70
206 70
207 70
208 70
209 70
210 70
211 70
212 70
213 70
214 70
215 70
216 70
217 70
218 70
219 70
220 70
221 70
222 70
223 70
224 70
225 70
226 70
227 70
228 70
229 70
230 70
231 70
232 70
233 70
234 70
235 70
236 70
237 70
238 70
239 70
240 70
241 70
242 70
243 70
244 70
245 70
246 70
247 70
248 70
249 70
250 70
251 70
252 70
253 70
254 70
255 70
256 70
257 70
258 70
259 70
181 69
182 69
183 69
184 69
185 69
186 69
187 69
188 69
189 69
190 69
191 69
192 69
193 69
194 69
195 69
196 69
197 69
198 69
199 69
200 69
201 69
202 69
203 69
204 69
205 69
206 69
207 69
208 69
209 69
210 69
211 69
212 69
213 69
214 69
215 69
216 69
217 69
218 69
219 69
220 69
221 69
222 69
223 69
224 69
225 69
226 69
227 69
228 69
229 69
230 69
231 69
232 69
233 69
234 69
235 69
236 69
237 69
238 69
239 69
240 69
241 69
242 69
243 69
244 69
245 69
246 69
247 69
248 69
249 69
250 69
251 69
252 69
253 69
254 69
255 69
256 69
257 69
258 69
259 69
181 68
182 68
183 68
184 68
185 68
186 68
187 68
188 68
189 68
190 68
191 68
192 68
193 68
194 68
195 68
196 68
197 68
198 68
199 68
200 68
201 68
202 68
203 68
204 68
205 68
206 68
207 68
208 68
209 68
210 68
211 68
212 68
213 68
214 68
215 68
216 68
217 68
218 68
219 68
220 68
221 68
222 68
223 68
224 68
225 68
226 68
227 68
228 68
229 68
230 68
231 68
232 68
233 68
234 68
235 68
236 68
237 68
238 68
239 68
240 68
241 68
242 68
243 68
244 68
245 68
246 68
247 68
248 68
249 68
250 68
251 68
252 68
253 68
254 68
255 68
256 68
257 68
258 68
259 68
181 67
182 67
183 67
184 67
185 67
186 67
187 67
188 67
189 67
190 67
191 67
192 67
193 67
194 67
195 67
196 67
197 67
198 67
199 67
200 67
201 67
202 67
203 67
204 67
205 67
206 67
207 67
208 67
209 67
210 67
211 67
212 67
213 67
214 67
215 67
216 67
217 67
218 67
219 67
220 67
221 67
222 67
223 67
224 67
225 67
226 67
227 67
228 67
229 67
230 67
231 67
232 67
233 67
234 67
235 67
236 67
237 67
238 67
239 67
240 67
241 67
242 67
243 67
244 67
245 67
246 67
247 67
248 67
249 67
250 67
251 67
252 67
253 67
254 67
255 67
256 67
257 67
258 67
259 67
181 66
182 66
183 66
184 66
185 66
186 66
187 66
188 66
189 66
190 66
191 66
192 66
193 66
194 66
195 66
196 66
197 66
198 66
199 66
200 66
201 66
202 66
203 66
204 66
205 66
206 66
207 66
208 66
209 66
210 66
211 66
212 66
213 66
214 66
215 66
216 66
217 66
218 66
219 66
220 66
221 66
222 66
223 66
224 66
225 66
226 66
227 66
228 66
229 66
230 66
231 66
232 66
233 66
234 66
235 66
236 66
237 66
238 66
239 66
240 66
241 66
242 66
243 66
244 66
245 66
246 66
247 66
248 66
249 66
250 66
251 66
252 66
253 66
254 66
255 66
256 66
257 66
258 66
259 66
181 65
182 65
183 65
184 65
185 65
186 65
187 65
188 65
189 65
190 65
191 65
192 65
193 65
194 65
195 65
196 65
197 65
198 65
199 65
200 65
201 65
202 65
203 65
204 65
205 65
206 65
207 65
208 65
209 65
210 65
211 65
212 65
213 65
214 65
215 65
216 65
217 65
218 65
219 65
220 65
221 65
222 65
223 65
224 65
225 65
226 65
227 65
228 65
229 65
230 65
231 65
232 65
233 65
234 65
235 65
236 65
237 65
238 65
239 65
240 65
241 65
242 65
243 65
244 65
245 65
246 65
247 65
248 65
249 65
250 65
251 65
252 65
253 65
254 65
255 65
256 65
257 65
258 65
259 65
181 64
182 64
183 64
184 64
185 64
186 64
187 64
188 64
189 64
190 64
191 64
192 64
193 64
194 64
195 64
196 64
197 64
198 64
199 64
200 64
201 64
202 64
203 64
204 64
205 64
206 64
207 64
208 64
209 64
210 64
211 64
212 64
213 64
214 64
215 64
216 64
217 64
218 64
219 64
220 64
221 64
222 64
223 64
224 64
225 64
226 64
227 64
228 64
229 64
230 64
231 64
232 64
233 64
234 64
235 64
236 64
237 64
238 64
239 64
240 64
241 64
242 64
243 64
244 64
245 64
246 64
247 64
248 64
249 64
250 64
251 64
252 64
253 64
254 64
255 64
256 64
257 64
258 64
259 64
181 63
182 63
183 63
184 63
185 63
186 63
187 63
188 63
189 63
190 63
191 63
192 63
193 63
194 63
195 63
196 63
197 63
198 63
199 63
200 63
201 63
202 63
203 63
204 63
205 63
206 63
207 63
208 63
209 63
210 63
211 63
212 63
213 63
214 63
215 63
216 63
217 63
218 63
219 63
220 63
221 63
222 63
223 63
224 63
225 63
226 63
227 63
228 63
229 63
230 63
231 63
232 63
233 63
234 63
235 63
236 63
237 63
238 63
239 63
240 63
241 63
242 63
243 63
244 63
245 63
246 63
247 63
248 63
249 63
250 63
251 63
252 63
253 63
254 63
255 63
256 63
257 63
258 63
259 63
181 62
182 62
183 62
184 62
185 62
186 62
187 62
188 62
189 62
190 62
191 62
192 62
193 62
194 62
195 62
196 62
197 62
198 62
199 62
200 62
201 62
202 62
203 62
204 62
205 62
206 62
207 62
208 62
209 62
210 62
211 62
212 62
213 62
214 62
215 62
216 62
217 62
218 62
219 62
220 62
221 62
222 62
223 62
224 62
225 62
226 62
227 62
228 62
229 62
230 62
231 62
232 62
233 62
234 62
235 62
236 62
237 62
238 62
239 62
240 62
241 62
242 62
243 62
244 62
245 62
246 62
247 62
248 62
249 62
250 62
251 62
252 62
253 62
254 62
255 62
256 62
257 62
258 62
259 62
182 61
183 61
184 61
185 61
186 61
187 61
188 61
189 61
190 61
191 61
192 61
193 61
194 61
195 61
196 61
197 61
198 61
199 61
200 61
201 61
202 61
203 61
204 61
205 61
206 61
207 61
208 61
209 61
210 61
211 61
212 61
213 61
214 61
215 61
216 61
217 61
218 61
219 61
220 61
221 61
222 61
223 61
224 61
225 61
226 61
227 61
228 61
229 61
230 61
231 61
232 61
233 61
234 61
235 61
236 61
237 61
238 61
239 61
240 61
241 61
242 61
243 61
244 61
245 61
246 61
247 61
248 61
249 61
250 61
251 61
252 61
253 61
254 61
255 61
256 61
257 61
258 61
182 60
183 60
184 60
185 60
186 60
187 60
188 60
189 60
190 60
191 60
192 60
193 60
194 60
195 60
196 60
197 60
198 60
199 60
200 60
201 60
202 60
203 60
204 60
205 60
206 60
207 60
208 60
209 60
210 60
211 60
212 60
213 60
214 60
215 60
216 60
217 60
218 60
219 60
220 60
221 60
222 60
223 60
224 60
225 60
226 60
227 60
228 60
229 60
230 60
231 60
232 60
233 60
234 60
235 60
236 60
237 60
238 60
239 60
240 60
241 60
242 60
243 60
244 60
245 60
246 60
247 60
248 60
249 60
250 60
251 60
252 60
253 60
254 60
255 60
256 60
257 60
258 60
182 59
183 59
184 59
185 59
186 59
187 59
188 59
189 59
190 59
191 59
192 59
193 59
194 59
195 59
196 59
197 59
198 59
199 59
200 59
201 59
202 59
203 59
204 59
205 59
206 59
207 59
208 59
209 59
210 59
211 59
212 59
213 59
214 59
215 59
216 59
217 59
218 59
219 59
220 59
221 59
222 59
223 59
224 59
225 59
226 59
227 59
228 59
229 59
230 59
231 59
232 59
233 59
234 59
235 59
236 59
237 59
238 59
239 59
240 59
241 59
242 59
243 59
244 59
245 59
246 59
247 59
248 59
249 59
250 59
251 59
252 59
253 59
254 59
255 59
256 59
257 59
258 59
182 58
183 58
184 58
185 58
186 58
187 58
188 58
189 58
190 58
191 58
192 58
193 58
194 58
195 58
196 58
197 58
198 58
199 58
200 58
201 58
202 58
203 58
204 58
205 58
206 58
207 58
208 58
209 58
210 58
211 58
212 58
213 58
214 58
215 58
216 58
217 58
218 58
219 58
220 58
221 58
222 58
223 58
224 58
225 58
226 58
227 58
228 58
229 58
230 58
231 58
232 58
233 58
234 58
235 58
236 58
237 58
238 58
239 58
240 58
241 58
242 58
243 58
244 58
245 58
246 58
247 58
248 58
249 58
250 58
251 58
252 58
253 58
254 58
255 58
256 58
257 58
258 58
183 57
184 57
185 57
186 57
187 57
188 57
189 57
190 57
191 57
192 57
193 57
194 57
195 57
196 57
197 57
198 57
199 57
200 57
201 57
202 57
203 57
204 57
205 57
206 57
207 57
208 57
209 57
210 57
211 57
212 57
213 57
214 57
215 57
216 57
217 57
218 57
219 57
220 57
221 57
222 57
223 57
224 57
225 57
226 57
227 57
228 57
229 57
230 57
231 57
232 57
233 57
234 57
235 57
236 57
237 57
238 57
239 57
240 57
241 57
242 57
243 57
244 57
245 57
246 57
247 57
248 57
249 57
250 57
251 57
252 57
253 57
254 57
255 57
256 57
257 57
183 56
184 56
185 56
186 56
187 56
188 56
189 56
190 56
191 56
192 56
193 56
194 56
195 56
196 56
197 56
198 56
199 56
200 56
201 56
202 56
203 56
204 56
205 56
206 56
207 56
208 56
209 56
210 56
211 56
212 56
213 56
214 56
215 56
216 56
217 56
218 56
219 56
220 56
221 56
222 56
223 56
224 56
225 56
226 56
227 56
228 56
229 56
230 56
231 56
232 56
233 56
234 56
235 56
236 56
237 56
238 56
239 56
240 56
241 56
242 56
243 56
244 56
245 56
246 56
247 56
248 56
249 56
250 56
251 56
252 56
253 56
254 56
255 56
256 56
257 56
183 55
184 55
185 55
186 55
187 55
188 55
189 55
190 55
191 55
192 55
193 55
194 55
195 55
196 55
197 55
198 55
199 55
200 55
201 55
202 55
203 55
204 55
205 55
206 55
207 55
208 55
209 55
210 55
211 55
212 55
213 55
214 55
215 55
216 55
217 55
218 55
219 55
220 55
221 55
222 55
223 55
224 55
225 55
226 55
227 55
228 55
229 55
230 55
231 55
232 55
233 55
234 55
235 55
236 55
237 55
238 55
239 55
240 55
241 55
242 55
243 55
244 55
245 55
246 55
247 55
248 55
249 55
250 55
251 55
252 55
253 55
254 55
255 55
256 55
257 55
184 54
185 54
186 54
187 54
188 54
189 54
190 54
191 54
192 54
193 54
194 54
195 54
196 54
197 54
198 54
199 54
200 54
201 54
202 54
203 54
204 54
205 54
206 54
207 54
208 54
209 54
210 54
211 54
212 54
213 54
214 54
215 54
216 54
217 54
218 54
219 54
220 54
221 54
222 54
223 54
224 54
225 54
226 54
227 54
228 54
229 54
230 54
231 54
232 54
233 54
234 54
235 54
236 54
237 54
238 54
239 54
240 54
241 54
242 54
243 54
244 54
245 54
246 54
247 54
248 54
249 54
250 54
251 54
252 54
253 54
254 54
255 54
256 54
184 53
185 53
186 53
187 53
188 53
189 53
190 53
191 53
192 53
193 53
194 53
195 53
196 53
197 53
198 53
199 53
200 53
201 53
202 53
203 53
204 53
205 53
206 53
207 53
208 53
209 53
210 53
211 53
212 53
213 53
214 53
215 53
216 53
217 53
218 53
219 53
220 53
221 53
222 53
223 53
224 53
225 53
226 53
227 53
228 53
229 53
230 53
231 53
232 53
233 53
234 53
235 53
236 53
237 53
238 53
239 53
240 53
241 53
242 53
243 53
244 53
245 53
246 53
247 53
248 53
249 53
250 53
251 53
252 53
253 53
254 53
255 53
256 53
185 52
186 52
187 52
188 52
189 52
190 52
191 52
192 52
193 52
194 52
195 52
196 52
197 52
198 52
199 52
200 52
201 52
202 52
203 52
204 52
205 52
206 52
207 52
208 52
209 52
210 52
211 52
212 52
213 52
214 52
215 52
216 52
217 52
218 52
219 52
220 52
221 52
222 52
223 52
224 52
225 52
226 52
227 52
228 52
229 52
230 52
231 52
232 52
233 52
234 52
235 52
236 52
237 52
238 52
239 52
240 52
241 52
242 52
243 52
244 52
245 52
246 52
247 52
248 52
249 52
250 52
251 52
252 52
253 52
254 52
255 52
185 51
186 51
187 51
188 51
189 51
190 51
191 51
192 51
193 51
194 51
195 51
196 51
197 51
198 51
199 51
200 51
201 51
202 51
203 51
204 51
205 51
206 51
207 51
208 51
209 51
210 51
211 51
212 51
213 51
214 51
215 51
216 51
217 51
218 51
219 51
220 51
221 51
222 51
223 51
224 51
225 51
226 51
227 51
228 51
229 51
230 51
231 51
232 51
233 51
234 51
235 51
236 51
237 51
238 51
239 51
240 51
241 51
242 51
243 51
244 51
245 51
246 51
247 51
248 51
249 51
250 51
251 51
252 51
253 51
254 51
255 51
186 50
187 50
188 50
189 50
190 50
191 50
192 50
193 50
194 50
195 50
196 50
197 50
198 50
199 50
200 50
201 50
202 50
203 50
204 50
205 50
206 50
207 50
208 50
209 50
210 50
211 50
212 50
213 50
214 50
215 50
216 50
217 50
218 50
219 50
220 50
221 50
222 50
223 50
224 50
225 50
226 50
227 50
228 50
229 50
230 50
231 50
232 50
233 50
234 50
235 50
236 50
237 50
238 50
239 50
240 50
241 50
242 50
243 50
244 50
245 50
246 50
247 50
248 50
249 50
250 50
251 50
252 50
253 50
254 50
186 49
187 49
188 49
189 49
190 49
191 49
192 49
193 49
194 49
195 49
196 49
197 49
198 49
199 49
200 49
201 49
202 49
203 49
204 49
205 49
206 49
207 49
208 49
209 49
210 49
211 49
212 49
213 49
214 49
215 49
216 49
217 49
218 49
219 49
220 49
221 49
222 49
223 49
224 49
225 49
226 49
227 49
228 49
229 49
230 49
231 49
232 49
233 49
234 49
235 49
236 49
237 49
238 49
239 49
240 49
241 49
242 49
243 49
244 49
245 49
246 49
247 49
248 49
249 49
250 49
251 49
252 49
253 49
254 49
187 48
188 48
189 48
190 48
191 48
192 48
193 48
194 48
195 48
196 48
197 48
198 48
199 48
200 48
201 48
202 48
203 48
204 48
205 48
206 48
207 48
208 48
209 48
210 48
211 48
212 48
213 48
214 48
215 48
216 48
217 48
218 48
219 48
220 48
221 48
222 48
223 48
224 48
225 48
226 48
227 48
228 48
229 48
230 48
231 48
232 48
233 48
234 48
235 48
236 48
237 48
238 48
239 48
240 48
241 48
242 48
243 48
244 48
245 48
246 48
247 48
248 48
249 48
250 48
251 48
252 48
253 48
188 47
189 47
190 47
191 47
192 47
193 47
194 47
195 47
196 47
197 47
198 47
199 47
200 47
201 47
202 47
203 47
204 47
205 47
206 47
207 47
208 47
209 47
210 47
211 47
212 47
213 47
214 47
215 47
216 47
217 47
218 47
219 47
220 47
221 47
222 47
223 47
224 47
225 47
226 47
227 47
228 47
229 47
230 47
231 47
232 47
233 47
234 47
235 47
236 47
237 47
238 47
239 47
240 47
241 47
242 47
243 47
244 47
245 47
246 47
247 47
248 47
249 47
250 47
251 47
252 47
188 46
189 46
190 46
191 46
192 46
193 46
194 46
195 46
196 46
197 46
198 46
199 46
200 46
201 46
202 46
203 46
204 46
205 46
206 46
207 46
208 46
209 46
210 46
211 46
212 46
213 46
214 46
215 46
216 46
217 46
218 46
219 46
220 46
221 46
222 46
223 46
224 46
225 46
226 46
227 46
228 46
229 46
230 46
231 46
232 46
233 46
234 46
235 46
236 46
237 46
238 46
239 46
240 46
241 46
242 46
243 46
244 46
245 46
246 46
247 46
248 46
249 46
250 46
251 46
252 46
189 45
190 45
191 45
192 45
193 45
194 45
195 45
196 45
197 45
198 45
199 45
200 45
201 45
202 45
203 45
204 45
205 45
206 45
207 45
208 45
209 45
210 45
211 45
212 45
213 45
214 45
215 45
216 45
217 45
218 45
219 45
220 45
221 45
222 45
223 45
224 45
225 45
226 45
227 45
228 45
229 45
230 45
231 45
232 45
233 45
234 45
235 45
236 45
237 45
238 45
239 45
240 45
241 45
242 45
243 45
244 45
245 45
246 45
247 45
248 45
249 45
250 45
251 45
190 44
191 44
192 44
193 44
194 44
195 44
196 44
197 44
198 44
199 44
200 44
201 44
202 44
203 44
204 44
205 44
206 44
207 44
208 44
209 44
210 44
211 44
212 44
213 44
214 44
215 44
216 44
217 44
218 44
219 44
220 44
221 44
222 44
223 44
224 44
225 44
226 44
227 44
228 44
229 44
230 44
231 44
232 44
233 44
234 44
235 44
236 44
237 44
238 44
239 44
240 44
241 44
242 44
243 44
244 44
245 44
246 44
247 44
248 44
249 44
250 44
191 43
192 43
193 43
194 43
195 43
196 43
197 43
198 43
199 43
200 43
201 43
202 43
203 43
204 43
205 43
206 43
207 43
208 43
209 43
210 43
211 43
212 43
213 43
214 43
215 43
216 43
217 43
218 43
219 43
220 43
221 43
222 43
223 43
224 43
225 43
226 43
227 43
228 43
229 43
230 43
231 43
232 43
233 43
234 43
235 43
236 43
237 43
238 43
239 43
240 43
241 43
242 43
243 43
244 43
245 43
246 43
247 43
248 43
249 43
192 42
193 42
194 42
195 42
196 42
197 42
198 42
199 42
200 42
201 42
202 42
203 42
204 42
205 42
206 42
207 42
208 42
209 42
210 42
211 42
212 42
213 42
214 42
215 42
216 42
217 42
218 42
219 42
220 42
221 42
222 42
223 42
224 42
225 42
226 42
227 42
228 42
229 42
230 42
231 42
232 42
233 42
234 42
235 42
236 42
237 42
238 42
239 42
240 42
241 42
242 42
243 42
244 42
245 42
246 42
247 42
248 42
193 41
194 41
195 41
196 41
197 41
198 41
199 41
200 41
201 41
202 41
203 41
204 41
205 41
206 41
207 41
208 41
209 41
210 41
211 41
212 41
213 41
214 41
215 41
216 41
217 41
218 41
219 41
220 41
221 41
222 41
223 41
224 41
225 41
226 41
227 41
228 41
229 41
230 41
231 41
232 41
233 41
234 41
235 41
236 41
237 41
238 41
239 41
240 41
241 41
242 41
243 41
244 41
245 41
246 41
247 41
194 40
195 40
196 40
197 40
198 40
199 40
200 40
201 40
202 40
203 40
204 40
205 40
206 40
207 40
208 40
209 40
210 40
211 40
212 40
213 40
214 40
215 40
216 40
217 40
218 40
219 40
220 40
221 40
222 40
223 40
224 40
225 40
226 40
227 40
228 40
229 40
230 40
231 40
232 40
233 40
234 40
235 40
236 40
237 40
238 40
239 40
240 40
241 40
242 40
243 40
244 40
245 40
246 40
195 39
196 39
197 39
198 39
199 39
200 39
201 39
202 39
203 39
204 39
205 39
206 39
207 39
208 39
209 39
210 39
211 39
212 39
213 39
214 39
215 39
216 39
217 39
218 39
219 39
220 39
221 39
222 39
223 39
224 39
225 39
226 39
227 39
228 39
229 39
230 39
231 39
232 39
233 39
234 39
235 39
236 39
237 39
238 39
239 39
240 39
241 39
242 39
243 39
244 39
245 39
196 38
197 38
198 38
199 38
200 38
201 38
202 38
203 38
204 38
205 38
206 38
207 38
208 38
209 38
210 38
211 38
212 38
213 38
214 38
215 38
216 38
217 38
218 38
219 38
220 38
221 38
222 38
223 38
224 38
225 38
226 38
227 38
228 38
229 38
230 38
231 38
232 38
233 38
234 38
235 38
236 38
237 38
238 38
239 38
240 38
241 38
242 38
243 38
244 38
198 37
199 37
200 37
201 37
202 37
203 37
204 37
205 37
206 37
207 37
208 37
209 37
210 37
211 37
212 37
213 37
214 37
215 37
216 37
217 37
218 37
219 37
220 37
221 37
222 37
223 37
224 37
225 37
226 37
227 37
228 37
229 37
230 37
231 37
232 37
233 37
234 37
235 37
236 37
237 37
238 37
239 37
240 37
241 37
242 37
199 36
200 36
201 36
202 36
203 36
204 36
205 36
206 36
207 36
208 36
209 36
210 36
211 36
212 36
213 36
214 36
215 36
216 36
217 36
218 36
219 36
220 36
221 36
222 36
223 36
224 36
225 36
226 36
227 36
228 36
229 36
230 36
231 36
232 36
233 36
234 36
235 36
236 36
237 36
238 36
239 36
240 36
241 36
201 35
202 35
203 35
204 35
205 35
206 35
207 35
208 35
209 35
210 35
211 35
212 35
213 35
214 35
215 35
216 35
217 35
218 35
219 35
220 35
221 35
222 35
223 35
224 35
225 35
226 35
227 35
228 35
229 35
230 35
231 35
232 35
233 35
234 35
235 35
236 35
237 35
238 35
239 35
203 34
204 34
205 34
206 34
207 34
208 34
209 34
210 34
211 34
212 34
213 34
214 34
215 34
216 34
217 34
218 34
219 34
220 34
221 34
222 34
223 34
224 34
225 34
226 34
227 34
228 34
229 34
230 34
231 34
232 34
233 34
234 34
235 34
236 34
237 34
205 33
206 33
207 33
208 33
209 33
210 33
211 33
212 33
213 33
214 33
215 33
216 33
217 33
218 33
219 33
220 33
221 33
222 33
223 33
224 33
225 33
226 33
227 33
228 33
229 33
230 33
231 33
232 33
233 33
234 33
235 33
208 32
209 32
210 32
211 32
212 32
213 32
214 32
215 32
216 32
217 32
218 32
219 32
220 32
221 32
222 32
223 32
224 32
225 32
226 32
227 32
228 32
229 32
230 32
231 32
232 32
212 31
213 31
214 31
215 31
216 31
217 31
218 31
219 31
220 31
221 31
222 31
223 31
224 31
225 31
226 31
227 31
228 31
